35
-3x5y-6z=20
-24 -29 -15.5
43 -42 -59.833333333333336
-64 75 91.16666666666667
49 -99 -110.33333333333333
65 8 -29.166666666666668
-34 95 92.83333333333333
-78 -20 19.0
-73 -100 -50.166666666666664
-40 13 27.5
-83 -84 -31.833333333333332
-70 -32 5.0
-43 94 96.5
-50 2 23.333333333333332
-9 -61 -49.666666666666664
24 -51 -57.833333333333336
27 -84 -86.83333333333333
39 -77 -87.0
58 99 50.166666666666664
-9 40 34.5
16 15 1.1666666666666667
52 -69 -86.83333333333333
21 -2 -15.5
23 -54 -59.833333333333336
15 -32 -37.5
25 -45 -53.333333333333336
31 -51 -61.333333333333336
-23 67 64.0
-83 17 52.333333333333336
38 9 -14.833333333333334
-45 10 27.5
29 51 24.666666666666668
59 -86 -104.5
0 10 5.0
40 -68 -80.0
-29 -40 -22.166666666666668