6078
-100 63881 95
-100 -13030 95
-100 -24700 95
-100 25996 95
-100 -49719 95
-100 -3184 95
-100 -1300 95
-100 45174 95
-100 44062 95
-100 -84265 95
-100 94999 95
-100 99680 95
-100 19443 95
-100 84377 95
-100 -30812 95
-100 89043 95
-100 -79446 95
-100 -62221 95
-100 -6739 95
-100 99280 95
-100 -98892 95
-100 -55111 95
-100 32614 95
-100 -35457 95
-100 -41006 95
-100 -34437 95
-100 28963 95
-100 33554 95
-100 12580 95
-100 8729 95
-100 30405 95
-100 64442 95
-100 -92140 95
-100 83495 95
-100 -73878 95
-100 63916 95
-100 -63455 95
-100 30625 95
-100 71527 95
-100 12344 95
-100 35511 95
-100 -66053 95
-100 49164 95
-100 -62782 95
-100 5973 95
-100 -50920 95
-100 -93620 95
-100 91317 95
-100 -85772 95
-100 -62418 95
-100 -84659 95
-100 -69710 95
-100 -32096 95
-100 50786 95
-100 77818 95
-100 -16188 95
-100 -9810 95
-100 79318 95
-100 77337 95
-100 -9885 95
-100 52093 95
-100 -1223 95
-100 13277 95
-100 -57075 95
-100 -18468 95
-100 7026 95
-100 -13258 95
-100 -70902 95
-100 -49370 95
-100 -23443 95
-100 -50644 95
-100 97960 95
-100 52962 95
-100 -59316 95
-100 80419 95
-100 34949 95
-100 68845 95
-100 -2476 95
-100 27169 95
-100 -91367 95
-100 68431 95
-100 10003 95
-100 98448 95
-100 -7666 95
-100 -33215 95
-100 -73767 95
-100 14308 95
-100 32556 95
-100 -9659 95
-100 100049 95
-100 74659 95
-100 -51022 95
-100 -92527 95
-100 -37550 95
-100 90293 95
-100 68182 95
-100 83370 95
-100 -51409 95
-100 90998 95
-100 39480 95
-100 86625 95
-100 27041 95
-100 -89727 95
-100 34256 95
-100 35656 95
-100 -33374 95
-100 46891 95
-100 50175 95
-100 -82963 95
-100 -32079 95
-100 -36124 95
-100 -37008 95
-100 42317 95
-100 13243 95
-100 17967 95
-100 43944 95
-100 29571 95
-100 -63157 95
-100 58986 95
-100 22856 95
-100 25180 95
-100 -65395 95
-100 -34710 95
-100 -12246 95
-100 -78969 95
-100 -63464 95
-100 -11459 95
-100 -17588 95
-100 94066 95
-100 82053 95
-100 -17664 95
-100 54228 95
-100 92572 95
-100 -41190 95
-100 3600 95
-100 53803 95
-100 -74716 95
-100 -48360 95
-100 -50288 95
-100 33298 95
-100 -60199 95
-100 57747 95
-100 -46116 95
-100 40807 95
-100 -3869 95
-100 -60777 95
-100 -49858 95
-100 -19935 95
-100 71437 95
-100 -5664 95
-100 17736 95
-100 -62814 95
-100 -22170 95
-100 61795 95
-100 -43250 95
-100 -30275 95
-100 -97370 95
-100 -30567 95
-100 75759 95
-100 33470 95
-100 -18659 95
-100 96158 95
-100 46173 95
-100 91351 95
-100 -65185 95
-100 -90997 95
-100 37766 95
-100 -72013 95
-100 -56410 95
-100 -50101 95
-100 -41740 95
-100 76125 95
-100 -76543 95
-100 -9717 95
-100 -44806 95
-100 52977 95
-100 97798 95
-100 -10532 95
-100 5945 95
-100 -27385 95
-100 97223 95
-100 59847 95
-100 -56891 95
-100 23424 95
-100 52541 95
-100 -90426 95
-100 -13774 95
-100 -13078 95
-100 77320 95
-100 63097 95
-100 -13407 95
-100 -1639 95
-100 93995 95
-100 -47030 95
-100 -45268 95
-100 93187 95
-100 43845 95
-100 -67562 95
-100 -62233 95
-100 -55972 95
-100 85214 95
-100 67832 95
-100 3334 95
-100 -34600 95
-100 26073 95
-100 98385 95
-100 -52859 95
-100 13915 95
-100 -2424 95
-100 -69463 95
-100 34455 95
-100 32483 95
-100 -94636 95
-100 -91739 95
-100 -13176 95
-100 58803 95
-100 -64531 95
-100 -18635 95
-100 55809 95
-100 11303 95
-100 -40584 95
-100 42196 95
-100 28626 95
-100 2827 95
-100 85149 95
-100 -84963 95
-100 5330 95
-100 -70186 95
-100 57786 95
-100 43885 95
-100 57966 95
-100 -4491 95
-100 1273 95
-100 80392 95
-100 -33130 95
-100 9707 95
-100 -67009 95
-100 59006 95
-100 -46576 95
-100 3984 95
-100 -73898 95
-100 90564 95
-100 -46397 95
-100 39519 95
-100 -30003 95
-100 -54909 95
-100 -2366 95
-100 -96696 95
-100 48450 95
-100 6885 95
-100 -86352 95
-100 13375 95
-100 41346 95
-100 46757 95
-100 21545 95
-100 22133 95
-100 40181 95
-100 -33975 95
-100 -8662 95
-100 42069 95
-100 19562 95
-100 86315 95
-100 12257 95
-100 -27030 95
-100 100173 95
-100 30203 95
-100 50008 95
-100 -62750 95
-100 11329 95
-100 -61932 95
-100 81823 95
-100 42344 95
-100 85437 95
-100 92798 95
-100 -71518 95
-100 47644 95
-100 18705 95
-100 -5073 95
-100 90731 95
-100 98160 95
-100 86216 95
-100 65530 95
-100 26617 95
-100 -59064 95
-100 50571 95
-100 77824 95
-100 -528 95
-100 -90320 95
-100 -62024 95
-100 -21020 95
-100 -21326 95
-100 -4211 95
-100 -11561 95
-100 -73684 95
-100 -16015 95
-100 -6769 95
-100 50509 95
-100 86463 95
-100 -19156 95
-100 -6948 95
-100 42963 95
-100 60130 95
-100 75861 95
-100 -81159 95
-100 -15106 95
-100 -24830 95
-100 91156 95
-100 63893 95
-100 -8204 95
-100 27913 95
-100 -85846 95
-100 21477 95
-100 -77999 95
-100 -33515 95
-100 -94961 95
-100 12487 95
-100 -54739 95
-100 82916 95
-100 -60554 95
-100 25860 95
-100 71440 95
-100 92242 95
-100 96981 95
-100 -73779 95
-100 27622 95
-100 54456 95
-100 -71309 95
-100 90857 95
-100 67849 95
-100 -14242 95
-100 -70801 95
-100 -45223 95
-100 -24182 95
-100 -14843 95
-100 183 95
-100 -10741 95
-100 72322 95
-100 2835 95
-100 68660 95
-100 79851 95
-100 87603 95
-100 -13548 95
-100 35258 95
-100 -69595 95
-100 -26635 95
-100 92608 95
-100 -62327 95
-100 -9090 95
-100 -72462 95
-100 -75707 95
-100 50406 95
-100 -16191 95
-100 -56608 95
-100 64360 95
-100 39983 95
-100 -18279 95
-100 -3395 95
-100 34311 95
-100 24140 95
-100 -36454 95
-100 51590 95
-100 -42501 95
-100 83806 95
-100 58262 95
-100 58543 95
-100 74877 95
-100 75746 95
-100 -6677 95
-100 -62609 95
-100 43298 95
-100 -58972 95
-100 73648 95
-100 25253 95
-100 -28367 95
-100 -13485 95
-100 40004 95
-100 30856 95
-100 -4695 95
-100 75379 95
-100 -25475 95
-100 70273 95
-100 -42865 95
-100 34053 95
-100 -17472 95
-100 -52628 95
-100 78495 95
-100 -87670 95
-100 33218 95
-100 -79002 95
-100 73305 95
-100 94313 95
-100 -3198 95
-100 -69399 95
-100 -92726 95
-100 -43021 95
-100 12916 95
-100 -49047 95
-100 15341 95
-100 99907 95
-100 -92246 95
-100 531 95
-100 23956 95
-100 -89127 95
-100 77014 95
-100 97697 95
-100 -67623 95
-100 13970 95
-100 -92157 95
-100 -73999 95
-100 39934 95
-100 -75051 95
-100 -20887 95
-100 10118 95
-100 11823 95
-100 -61451 95
-100 95591 95
-100 -91408 95
-100 -37716 95
-100 -94913 95
-100 1788 95
-100 -59719 95
-100 3834 95
-100 51204 95
-100 8194 95
-100 -62070 95
-100 -9339 95
-100 -54475 95
-100 1216 95
-100 61171 95
-100 64794 95
-100 -85681 95
-100 74125 95
-100 -40919 95
-100 61884 95
-100 -79823 95
-100 29065 95
-100 -97185 95
-100 87814 95
-100 -8040 95
-100 -80530 95
-100 86307 95
-100 -60128 95
-100 94941 95
-100 -94407 95
-100 1317 95
-100 5843 95
-100 -35939 95
-100 -32173 95
-100 -74639 95
-100 -74868 95
-100 -87564 95
-100 -198 95
-100 53746 95
-100 19874 95
-100 78748 95
-100 4650 95
-100 -20579 95
-100 48150 95
-100 -91343 95
-100 -45984 95
-100 -24968 95
-100 -16829 95
-100 94532 95
-100 -49058 95
-100 -20260 95
-100 77943 95
-100 76607 95
-100 31004 95
-100 42254 95
-100 -24069 95
-100 -21467 95
-100 -10588 95
-100 -60041 95
-100 -294 95
-100 -16039 95
-100 -81371 95
-100 86139 95
-100 -1174 95
-100 -79908 95
-100 29122 95
-100 41916 95
-100 -54111 95
-100 -21070 95
-100 89166 95
-100 68489 95
-100 54299 95
-100 74630 95
-100 30036 95
-100 8305 95
-100 59391 95
-100 -67089 95
-100 70639 95
-100 41716 95
-100 71242 95
-100 -4208 95
-100 -39935 95
-100 88967 95
-100 45955 95
-100 -49742 95
-100 83055 95
-100 -53062 95
-100 88566 95
-100 -42337 95
-100 48924 95
-100 -42711 95
-100 -4557 95
-100 56793 95
-100 -64244 95
-100 -99026 95
-100 4186 95
-100 4326 95
-100 -75412 95
-100 46423 95
-100 68579 95
-100 -3010 95
-100 68936 95
-100 45687 95
-100 76259 95
-100 17872 95
-100 -79741 95
-100 -8528 95
-100 73208 95
-100 13489 95
-100 98804 95
-100 -56976 95
-100 -96910 95
-100 99507 95
-100 52048 95
-100 -1254 95
-100 -88891 95
-100 74709 95
-100 10252 95
-100 49559 95
-100 61975 95
-100 -69312 95
-100 -13553 95
-100 -27373 95
-100 23690 95
-100 73560 95
-100 44626 95
-100 -86587 95
-100 56055 95
-100 52765 95
-100 23604 95
-100 -76111 95
-100 36079 95
-100 -49306 95
-100 84131 95
-100 51733 95
-100 72018 95
-100 -31504 95
-100 13758 95
-100 94529 95
-100 -72675 95
-100 96148 95
-100 1790 95
-100 -38660 95
-100 -53580 95
-100 -72125 95
-100 -41109 95
-100 -8987 95
-100 20800 95
-100 -61892 95
-100 -63109 95
-100 69200 95
-100 72054 95
-100 -20029 95
-100 -57560 95
-100 -74671 95
-100 -84080 95
-100 25026 95
-100 -69931 95
-100 48708 95
-100 11454 95
-100 86813 95
-100 31042 95
-100 34231 95
-100 -97558 95
-100 88693 95
-100 -41016 95
-100 36849 95
-100 -68813 95
-100 -91827 95
-100 -83332 95
-100 -83530 95
-100 -92506 95
-100 -64305 95
-100 42105 95
-100 -50153 95
-100 27981 95
-100 -27101 95
-100 -43607 95
-100 -50675 95
-100 89976 95
-100 -42150 95
-100 -97163 95
-100 86466 95
-100 -57864 95
-100 -67609 95
-100 -6610 95
-100 -33590 95
-100 9593 95
-100 48697 95
-100 -74673 95
-100 -84555 95
-100 -7065 95
-100 1393 95
-100 83425 95
-100 -82538 95
-100 4611 95
-100 14183 95
-100 -96063 95
-100 -22467 95
-100 20718 95
-100 44234 95
-100 56292 95
-100 -44169 95
-100 46220 95
-100 -27529 95
-100 -20430 95
-100 -91445 95
-100 72326 95
-100 12235 95
-100 31432 95
-100 20410 95
-100 -85702 95
-100 -21437 95
-100 -7363 95
-100 63291 95
-100 97452 95
-100 -47761 95
-100 39371 95
-100 -94179 95
-100 -84808 95
-100 34671 95
-100 -57863 95
-100 22362 95
-100 -79640 95
-100 11300 95
-100 -38365 95
-100 42119 95
-100 -25662 95
-100 -80677 95
-100 -392 95
-100 -52575 95
-100 -94772 95
-100 1270 95
-100 -87361 95
-100 -8422 95
-100 -214 95
-100 -75400 95
-100 -41041 95
-100 20768 95
-100 -11265 95
-100 40028 95
-100 26941 95
-100 76385 95
-100 -43135 95
-100 -79458 95
-100 35658 95
-100 -40801 95
-100 75728 95
-100 -52426 95
-100 -56012 95
-100 -59442 95
-100 -75850 95
-100 29384 95
-100 32825 95
-100 7842 95
-100 -396 95
-100 44843 95
-100 23464 95
-100 -95173 95
-100 78237 95
-100 -51408 95
-100 -47724 95
-100 37309 95
-100 67469 95
-100 -36243 95
-100 77045 95
-100 85488 95
-100 17877 95
-100 -66035 95
-100 -90130 95
-100 99986 95
-100 46616 95
-100 -83029 95
-100 53837 95
-100 81674 95
-100 -50154 95
-100 -96992 95
-100 -95544 95
-100 90256 95
-100 55646 95
-100 -3745 95
-100 -82385 95
-100 -3579 95
-100 -4733 95
-100 -36632 95
-100 -21620 95
-100 -54144 95
-100 5083 95
-100 8248 95
-100 -96004 95
-100 35572 95
-100 71736 95
-100 17527 95
-100 -63127 95
-100 -41730 95
-100 16685 95
-100 74641 95
-100 -50969 95
-100 19960 95
-100 -71077 95
-100 -88152 95
-100 63441 95
-100 -98550 95
-100 25990 95
-100 -10418 95
-100 13038 95
-100 22071 95
-100 7194 95
-100 27307 95
-100 81397 95
-100 71612 95
-100 43462 95
-100 -65050 95
-100 -11520 95
-100 9672 95
-100 -82576 95
-100 -59679 95
-100 17338 95
-100 16163 95
-100 7045 95
-100 -20388 95
-100 73148 95
-100 -97887 95
-100 70882 95
-100 16773 95
-100 -26126 95
-100 -68355 95
-100 17135 95
-100 39894 95
-100 -95078 95
-100 67079 95
-100 57954 95
-100 -21646 95
-100 -94828 95
-100 -81423 95
-100 73435 95
-100 63731 95
-100 43438 95
-100 -98862 95
-100 -83901 95
-100 -49288 95
-100 10670 95
-100 -81593 95
-100 -56313 95
-100 67530 95
-100 12911 95
-100 -80316 95
-100 40367 95
-100 89221 95
-100 -32910 95
-100 -37491 95
-100 -15130 95
-100 -46361 95
-100 50200 95
-100 32573 95
-100 72266 95
-100 -6467 95
-100 -60760 95
-100 -63885 95
-100 -83638 95
-100 -86500 95
-100 50492 95
-100 -70272 95
-100 -2449 95
-100 1815 95
-100 -2971 95
-100 -55622 95
-100 95218 95
-100 -48658 95
-100 65606 95
-100 -39230 95
-100 3998 95
-100 77935 95
-100 63336 95
-100 34007 95
-100 15754 95
-100 62330 95
-100 -22366 95
-100 -73284 95
-100 83338 95
-100 73063 95
-100 51134 95
-100 -89541 95
-100 -12452 95
-100 66549 95
-100 -28292 95
-100 74704 95
-100 -41107 95
-100 49731 95
-100 -82651 95
-100 -38673 95
-100 76287 95
-100 100722 95
-100 30536 95
-100 -36630 95
-100 19711 95
-100 63938 95
-100 46658 95
-100 95946 95
-100 -81020 95
-100 -85558 95
-100 -1276 95
-100 -96170 95
-100 -78313 95
-100 28375 95
-100 34437 95
-100 -1696 95
-100 9981 95
-100 -41611 95
-100 72580 95
-100 17457 95
-100 -36921 95
-100 -71762 95
-100 52745 95
-100 25407 95
-100 15388 95
-100 55839 95
-100 -75230 95
-100 53056 95
-100 16215 95
-100 -36083 95
-100 35128 95
-100 7559 95
-100 30641 95
-100 32175 95
-100 -25508 95
-100 -63696 95
-100 -68051 95
-100 -89024 95
-100 91335 95
-100 -85718 95
-100 18179 95
-100 70311 95
-100 55863 95
-100 -84829 95
-100 -39866 95
-100 97651 95
-100 -66498 95
-100 -1271 95
-100 -11147 95
-100 -35969 95
-100 49691 95
-100 -73396 95
-100 -19705 95
-100 -7459 95
-100 10130 95
-100 96166 95
-100 -87693 95
-100 -21133 95
-100 19649 95
-100 73011 95
-100 -72098 95
-100 -70856 95
-100 -15816 95
-100 58731 95
-100 6990 95
-100 -74492 95
-100 -26233 95
-100 33018 95
-100 -37338 95
-100 31684 95
-100 96650 95
-100 -44254 95
-100 -65355 95
-100 -68296 95
-100 99675 95
-100 -67507 95
-100 -86428 95
-100 52796 95
-100 21642 95
-100 71959 95
-100 30457 95
-100 4773 95
-100 24351 95
-100 -22353 95
-100 -97848 95
-100 -8545 95
-100 -2780 95
-100 -25967 95
-100 -53419 95
-100 89430 95
-100 -23360 95
-100 -41765 95
-100 -88159 95
-100 44099 95
-100 -32959 95
-100 61458 95
-100 -73241 95
-100 -51035 95
-100 86734 95
-100 -29972 95
-100 69608 95
-100 1065 95
-100 -35560 95
-100 87552 95
-100 -30182 95
-100 2796 95
-100 76980 95
-100 89910 95
-100 97986 95
-100 -10467 95
-100 72778 95
-100 -41952 95
-100 20572 95
-100 64469 95
-100 -70650 95
-100 -89775 95
-100 -664 95
-100 -79736 95
-100 46571 95
-100 38795 95
-100 19956 95
-100 28582 95
-100 -49827 95
-100 71734 95
-100 29260 95
-100 -9330 95
-100 -76770 95
-100 -56671 95
-100 6699 95
-100 76378 95
-100 -67499 95
-100 79767 95
-100 88554 95
-100 79863 95
-100 91363 95
-100 -72959 95
-100 -98829 95
-100 74366 95
-100 -81613 95
-100 -98145 95
-100 -52007 95
-100 -12219 95
-100 -65682 95
-100 100050 95
-100 -54319 95
-100 62004 95
-100 -72823 95
-100 60702 95
-100 -38102 95
-100 -91007 95
-100 -1385 95
-100 55650 95
-100 16706 95
-100 32893 95
-100 -84756 95
-100 -3278 95
-100 5274 95
-100 58641 95
-100 181 95
-100 -47757 95
-100 -12157 95
-100 -54510 95
-100 -61763 95
-100 -41620 95
-100 14257 95
-100 7476 95
-100 -948 95
-100 21970 95
-100 92132 95
-100 26550 95
-100 80944 95
-100 21610 95
-100 63492 95
-100 -16942 95
-100 65505 95
-100 -24007 95
-100 -720 95
-100 37668 95
-100 19888 95
-100 -74250 95
-100 -46862 95
-100 96396 95
-100 21975 95
-100 22232 95
-100 -55017 95
-100 -72491 95
-100 19716 95
-100 -84722 95
-100 -35935 95
-100 44795 95
-100 -68015 95
-100 88848 95
-100 -23987 95
-100 14469 95
-100 94340 95
-100 63691 95
-100 53509 95
-100 16881 95
-100 -49826 95
-100 56133 95
-100 -67407 95
-100 -47004 95
-100 35804 95
-100 -76283 95
-100 -40487 95
-100 15863 95
-100 42611 95
-100 -35931 95
-100 17882 95
-100 -74793 95
-100 1261 95
-100 -60766 95
-100 -50809 95
-100 -45344 95
-100 -4088 95
-100 81881 95
-100 89378 95
-100 86959 95
-100 12686 95
-100 910 95
-100 -91302 95
-100 -33930 95
-100 -21806 95
-100 -94424 95
-100 96474 95
-100 -39887 95
-100 24964 95
-100 59772 95
-100 77098 95
-100 -4953 95
-100 -70538 95
-100 73689 95
-100 -59865 95
-100 -33329 95
-100 -22949 95
-100 -38619 95
-100 -91557 95
-100 77303 95
-100 91568 95
-100 16909 95
-100 -95796 95
-100 -69351 95
-100 88486 95
-100 70191 95
-100 80569 95
-100 -75126 95
-100 86120 95
-100 37572 95
-100 -78806 95
-100 76967 95
-100 -3020 95
-100 24361 95
-100 84519 95
-100 -94089 95
-100 24504 95
-100 -35353 95
-100 4482 95
-100 70177 95
-100 -35291 95
-100 -48905 95
-100 -79853 95
-100 30367 95
-100 -50193 95
-100 45396 95
-100 7811 95
-100 84504 95
-100 -36271 95
-100 -65734 95
-100 90530 95
-100 47615 95
-100 84826 95
-100 -83483 95
-100 19864 95
-100 926 95
-100 7021 95
-100 23865 95
-100 62825 95
-100 19370 95
-100 -21121 95
-100 -38018 95
-100 50713 95
-100 67702 95
-100 -60695 95
-100 -91198 95
-100 -34667 95
-100 50163 95
-100 -78215 95
-100 -8043 95
-100 24220 95
-100 3525 95
-100 69192 95
-100 35619 95
-100 -81384 95
-100 -63066 95
-100 53301 95
-100 -23480 95
-100 -57469 95
-100 -24724 95
-100 -77095 95
-100 60777 95
-100 -50020 95
-100 -26741 95
-100 33572 95
-100 -80704 95
-100 -12704 95
-100 -91607 95
-100 -35483 95
-100 -75629 95
-100 14455 95
-100 63795 95
-100 37362 95
-100 85734 95
-100 -7783 95
-100 -69103 95
-100 -79019 95
-100 43380 95
-100 6564 95
-100 60246 95
-100 -64180 95
-100 37285 95
-100 90975 95
-100 85971 95
-100 -51897 95
-100 41603 95
-100 6228 95
-100 -53462 95
-100 87653 95
-100 -44240 95
-100 21548 95
-100 -53188 95
-100 32229 95
-100 68341 95
-100 96863 95
-100 86721 95
-100 45195 95
-100 18006 95
-100 38644 95
-100 81629 95
-100 -35494 95
-100 -10214 95
-100 83507 95
-100 87458 95
-100 -83742 95
-100 -93155 95
-100 23006 95
-100 61480 95
-100 -24181 95
-100 84557 95
-100 -41347 95
-100 99423 95
-100 29527 95
-100 59806 95
-100 -78445 95
-100 80731 95
-100 -39930 95
-100 19162 95
-100 -91141 95
-100 88235 95
-100 16522 95
-100 93343 95
-100 -90609 95
-100 13714 95
-100 -63652 95
-100 -77489 95
-100 34791 95
-100 74014 95
-100 10783 95
-100 -34552 95
-100 73169 95
-100 36752 95
-100 61085 95
-100 83830 95
-100 78394 95
-100 5291 95
-100 -31489 95
-100 -29012 95
-100 -20215 95
-100 -77183 95
-100 -11 95
-100 -27794 95
-100 -73128 95
-100 -40224 95
-100 -17817 95
-100 -16597 95
-100 56347 95
-100 1938 95
-100 -17360 95
-100 30306 95
-100 87969 95
-100 71226 95
-100 -98178 95
-100 21470 95
-100 -21361 95
-100 93797 95
-100 29304 95
-100 -84599 95
-100 -33106 95
-100 93892 95
-100 23917 95
-100 27247 95
-100 -8974 95
-100 -79838 95
-100 53742 95
-100 58959 95
-100 36095 95
-100 -6425 95
-100 -78373 95
-100 91243 95
-100 70373 95
-100 -60607 95
-100 -16154 95
-100 64127 95
-100 -32443 95
-100 24962 95
-100 -52852 95
-100 -42638 95
-100 -32752 95
-100 38972 95
-100 45653 95
-100 -47126 95
-100 -3883 95
-100 -14215 95
-100 -882 95
-100 20717 95
-100 99449 95
-100 -46236 95
-100 -72349 95
-100 53397 95
-100 6199 95
-100 -18782 95
-100 27348 95
-100 32969 95
-100 52502 95
-100 63217 95
-100 41355 95
-100 -94002 95
-100 -24323 95
-100 -64262 95
-100 92404 95
-100 -88915 95
-100 33962 95
-100 2380 95
-100 73042 95
-100 -58284 95
-100 10028 95
-100 24806 95
-100 -50840 95
-100 55909 95
-100 47273 95
-100 -18136 95
-100 -60250 95
-100 87313 95
-100 -36117 95
-100 -47729 95
-100 -86219 95
-100 50388 95
-100 -20776 95
-100 -58939 95
-100 -28297 95
-100 71981 95
-100 -52439 95
-100 -44102 95
-100 -61135 95
-100 47557 95
-100 91779 95
-100 4568 95
-100 -18983 95
-100 81766 95
-100 18790 95
-100 -96516 95
-100 91460 95
-100 -99236 95
-100 -70753 95
-100 75497 95
-100 -45950 95
-100 -75300 95
-100 -67834 95
-100 90703 95
-100 -15605 95
-100 -24289 95
-100 -28188 95
-100 10044 95
-100 -12802 95
-100 35931 95
-100 18674 95
-100 -26020 95
-100 -21109 95
-100 15088 95
-100 36687 95
-100 -85832 95
-100 -79911 95
-100 18688 95
-100 -63734 95
-100 -20987 95
-100 94284 95
-100 81863 95
-100 44287 95
-100 80933 95
-100 -44501 95
-100 63479 95
-100 -37263 95
-100 -26289 95
-100 55348 95
-100 -8827 95
-100 48483 95
-100 -89594 95
-100 51560 95
-100 -93517 95
-100 35720 95
-100 -36676 95
-100 77652 95
-100 64065 95
-100 -98783 95
-100 -28716 95
-100 -21390 95
-100 -61463 95
-100 66270 95
-100 18122 95
-100 -50853 95
-100 23022 95
-100 23892 95
-100 -30559 95
-100 41620 95
-100 -62051 95
-100 30870 95
-100 -96893 95
-100 -32245 95
-100 20701 95
-100 65488 95
-100 -35634 95
-100 -17450 95
-100 48942 95
-100 83443 95
-100 -1407 95
-100 -93856 95
-100 -84654 95
-100 -13673 95
-100 -20874 95
-100 -8246 95
-100 -43058 95
-100 -89588 95
-100 66370 95
-100 4522 95
-100 -44035 95
-100 73739 95
-100 41522 95
-100 60167 95
-100 55850 95
-100 16936 95
-100 -12516 95
-100 -85609 95
-100 97831 95
-100 51915 95
-100 -71858 95
-100 -6956 95
-100 73477 95
-100 -92732 95
-100 71442 95
-100 -74107 95
-100 -74328 95
-100 -14567 95
-100 16353 95
-100 56085 95
-100 -97248 95
-100 -41320 95
-100 38052 95
-100 -21298 95
-100 -35088 95
-100 2117 95
-100 -52241 95
-100 -71191 95
-100 17486 95
-100 -91741 95
-100 75637 95
-100 -86035 95
-100 -41040 95
-100 -92884 95
-100 -71805 95
-100 9208 95
-100 82047 95
-100 31156 95
-100 -89033 95
-100 57190 95
-100 12358 95
-100 -57111 95
-100 63158 95
-100 -20986 95
-100 74242 95
-100 -48348 95
-100 -65658 95
-100 53627 95
-100 98334 95
-100 43833 95
-100 64914 95
-100 65231 95
-100 -44198 95
-100 -59284 95
-100 74945 95
-100 11010 95
-100 -71195 95
-100 -26601 95
-100 -56710 95
-100 9265 95
-100 -57509 95
-100 -42630 95
-100 11451 95
-100 -6920 95
-100 -22138 95
-100 -19728 95
-100 37219 95
-100 -48646 95
-100 14025 95
-100 -36505 95
-100 -29587 95
-100 -75322 95
-100 76601 95
-100 17200 95
-100 -42335 95
-100 -64230 95
-100 92348 95
-100 83146 95
-100 75296 95
-100 -15726 95
-100 -39620 95
-100 -20777 95
-100 11829 95
-100 20236 95
-100 -43284 95
-100 48918 95
-100 -83428 95
-100 -20742 95
-100 95360 95
-100 -89225 95
-100 91876 95
-100 -92409 95
-100 -43542 95
-100 -50995 95
-100 -47389 95
-100 -52512 95
-100 -61663 95
-100 -50127 95
-100 -69097 95
-100 -35313 95
-100 -64959 95
-100 37153 95
-100 61680 95
-100 -91559 95
-100 -62174 95
-100 69435 95
-100 17689 95
-100 605 95
-100 22016 95
-100 -65988 95
-100 -5106 95
-100 -90466 95
-100 45586 95
-100 -30075 95
-100 96561 95
-100 3566 95
-100 -82501 95
-100 -44213 95
-100 -72695 95
-100 78484 95
-100 9907 95
-100 6795 95
-100 4815 95
-100 48077 95
-100 -96458 95
-100 37560 95
-100 38553 95
-100 52966 95
-100 -10125 95
-100 -28235 95
-100 -17677 95
-100 -83489 95
-100 98161 95
-100 5495 95
-100 52629 95
-100 -94523 95
-100 89853 95
-100 14733 95
-100 -70397 95
-100 38433 95
-100 30902 95
-100 15475 95
-100 35098 95
-100 -25095 95
-100 34980 95
-100 88558 95
-100 -82609 95
-100 31598 95
-100 -52443 95
-100 18284 95
-100 -36447 95
-100 13528 95
-100 -7366 95
-100 -24900 95
-100 42337 95
-100 -66369 95
-100 -95691 95
-100 -46751 95
-100 -52140 95
-100 -57197 95
-100 -82511 95
-100 -68301 95
-100 -58670 95
-100 -43741 95
-100 -3664 95
-100 11101 95
-100 -79940 95
-100 -75628 95
-100 98122 95
-100 -35936 95
-100 26469 95
-100 57284 95
-100 -10356 95
-100 24514 95
-100 -57383 95
-100 -31498 95
-100 -46703 95
-100 88228 95
-100 -70535 95
-100 -78051 95
-100 61701 95
-100 -37929 95
-100 1110 95
-100 41477 95
-100 57111 95
-100 -7322 95
-100 -20574 95
-100 6862 95
-100 -38369 95
-100 -6844 95
-100 -92580 95
-100 34743 95
-100 77868 95
-100 20966 95
-100 -71572 95
-100 8151 95
-100 56490 95
-100 -20347 95
-100 57305 95
-100 91183 95
-100 -73515 95
-100 87615 95
-100 -48253 95
-100 -54217 95
-100 95125 95
-100 44744 95
-100 97925 95
-100 -80659 95
-100 -4485 95
-100 -72633 95
-100 48161 95
-100 -99211 95
-100 -43695 95
-100 -13600 95
-100 -53149 95
-100 16774 95
-100 -80805 95
-100 49422 95
-100 -44912 95
-100 55725 95
-100 71898 95
-100 74353 95
-100 26957 95
-100 -4009 95
-100 -4636 95
-100 -12613 95
-100 -58578 95
-100 -15762 95
-100 -41679 95
-100 28558 95
-100 -8341 95
-100 19784 95
-100 96036 95
-100 37542 95
-100 -93500 95
-100 -15080 95
-100 -14127 95
-100 -78882 95
-100 31039 95
-100 -37160 95
-100 -19312 95
-100 45738 95
-100 44576 95
-100 -9399 95
-100 -26957 95
-100 -97028 95
-100 30156 95
-100 -97372 95
-100 -38746 95
-100 40909 95
-100 -74814 95
-100 2330 95
-100 -11687 95
-100 -34575 95
-100 15507 95
-100 15647 95
-100 -33288 95
-100 -35672 95
-100 -37320 95
-100 -71283 95
-100 50084 95
-100 -1458 95
-100 -92482 95
-100 96291 95
-100 58461 95
-100 -37249 95
-100 -17945 95
-100 -22489 95
-100 5521 95
-100 63641 95
-100 -71465 95
-100 -67203 95
-100 25012 95
-100 -85283 95
-100 -64972 95
-100 25372 95
-100 -44887 95
-100 -29355 95
-100 27044 95
-100 35448 95
-100 67974 95
-100 -61317 95
-100 36218 95
-100 21382 95
-100 -93786 95
-100 42041 95
-100 12973 95
-100 -98699 95
-100 -4484 95
-100 55366 95
-100 -86370 95
-100 47161 95
-100 -61415 95
-100 -71356 95
-100 6704 95
-100 -74725 95
-100 72128 95
-100 61801 95
-100 -58579 95
-100 -17100 95
-100 8565 95
-100 66000 95
-100 74251 95
-100 43267 95
-100 70558 95
-100 14256 95
-100 93041 95
-100 35929 95
-100 47762 95
-100 -3818 95
-100 85351 95
-100 -15380 95
-100 -25931 95
-100 -40394 95
-100 65092 95
-100 -14607 95
-100 -34619 95
-100 99098 95
-100 16619 95
-100 22297 95
-100 -59094 95
-100 -26534 95
-100 -86460 95
-100 -57816 95
-100 16203 95
-100 -45693 95
-100 21525 95
-100 13990 95
-100 -97609 95
-100 39264 95
-100 -78210 95
-100 -9791 95
-100 88433 95
-100 -64138 95
-100 52903 95
-100 -3397 95
-100 38829 95
-100 -36092 95
-100 -23011 95
-100 -57116 95
-100 75314 95
-100 98008 95
-100 43276 95
-100 -57753 95
-100 49112 95
-100 -4267 95
-100 -61504 95
-100 -4805 95
-100 58214 95
-100 -3844 95
-100 83929 95
-100 -73146 95
-100 27566 95
-100 -56030 95
-100 51513 95
-100 -16662 95
-100 -33855 95
-100 46751 95
-100 -19786 95
-100 -1065 95
-100 34900 95
-100 92093 95
-100 76725 95
-100 -5493 95
-100 -22622 95
-100 -47574 95
-100 18833 95
-100 14195 95
-100 2072 95
-100 -18030 95
-100 -10425 95
-100 -35550 95
-100 -48911 95
-100 70157 95
-100 -37570 95
-100 58668 95
-100 -19263 95
-100 19783 95
-100 -35030 95
-100 -24957 95
-100 18108 95
-100 72472 95
-100 24965 95
-100 93012 95
-100 28826 95
-100 -69684 95
-100 76049 95
-100 76114 95
-100 82554 95
-100 2967 95
-100 84739 95
-100 48279 95
-100 11684 95
-100 -35197 95
-100 53462 95
-100 -39053 95
-100 -89788 95
-100 57854 95
-100 -18134 95
-100 -63256 95
-100 -2046 95
-100 51785 95
-100 -76537 95
-100 -18218 95
-100 -57378 95
-100 95494 95
-100 -89208 95
-100 95013 95
-100 -76689 95
-100 -6591 95
-100 -59911 95
-100 -22039 95
-100 78137 95
-100 -78549 95
-100 38358 95
-100 -89967 95
-100 -76927 95
-100 -26509 95
-100 -12687 95
-100 72212 95
-100 31427 95
-100 -33484 95
-100 -44835 95
-100 63613 95
-100 -97526 95
-100 -83854 95
-100 -60793 95
-100 12172 95
-100 16547 95
-100 17333 95
-100 -15279 95
-100 -33592 95
-100 -1008 95
-100 86363 95
-100 -32885 95
-100 -74416 95
-100 89327 95
-100 -27342 95
-100 74651 95
-100 15861 95
-100 -64555 95
-100 38256 95
-100 56750 95
-100 53850 95
-100 -91438 95
-100 61150 95
-100 -61957 95
-100 11964 95
-100 -21134 95
-100 -95668 95
-100 57339 95
-100 -94574 95
-100 93806 95
-100 -11643 95
-100 -53170 95
-100 79091 95
-100 -16357 95
-100 70390 95
-100 33004 95
-100 21114 95
-100 -89872 95
-100 54035 95
-100 2706 95
-100 -2465 95
-100 69743 95
-100 49989 95
-100 65526 95
-100 98611 95
-100 -37495 95
-100 34765 95
-100 -5827 95
-100 66132 95
-100 23208 95
-100 -45393 95
-100 -98513 95
-100 98724 95
-100 -82807 95
-100 40605 95
-100 63656 95
-100 -11322 95
-100 31838 95
-100 -41206 95
-100 68772 95
-100 -47768 95
-100 -22981 95
-100 19692 95
-100 98622 95
-100 -17873 95
-100 -61721 95
-100 94474 95
-100 -58180 95
-100 11233 95
-100 -19430 95
-100 49067 95
-100 -68746 95
-100 -53509 95
-100 -45489 95
-100 -14112 95
-100 85935 95
-100 -67236 95
-100 -69675 95
-100 86382 95
-100 -21735 95
-100 84021 95
-100 -60182 95
-100 42455 95
-100 24675 95
-100 -57323 95
-100 11200 95
-100 15914 95
-100 -88884 95
-100 83945 95
-100 -50239 95
-100 -2639 95
-100 21948 95
-100 58218 95
-100 -85759 95
-100 80758 95
-100 -69380 95
-100 -8600 95
-100 39365 95
-100 68336 95
-100 48367 95
-100 88873 95
-100 -68267 95
-100 -68380 95
-100 94520 95
-100 -81949 95
-100 54694 95
-100 58643 95
-100 -87933 95
-100 -90775 95
-100 59182 95
-100 47689 95
-100 92839 95
-100 64192 95
-100 85126 95
-100 -85470 95
-100 -54453 95
-100 -89043 95
-100 66024 95
-100 -78558 95
-100 27409 95
-100 -42427 95
-100 -10737 95
-100 53493 95
-100 95445 95
-100 47998 95
-100 -4811 95
-100 -43624 95
-100 -89773 95
-100 -77768 95
-100 -43294 95
-100 81024 95
-100 9638 95
-100 -78711 95
-100 77408 95
-100 -46367 95
-100 -1641 95
-100 90274 95
-100 70077 95
-100 -87230 95
-100 -61238 95
-100 -26615 95
-100 -77804 95
-100 -50360 95
-100 -62369 95
-100 54727 95
-100 -38529 95
-100 3673 95
-100 -82502 95
-100 -69878 95
-100 85794 95
-100 7933 95
-100 53400 95
-100 36298 95
-100 13252 95
-100 -57566 95
-100 -49912 95
-100 -4476 95
-100 34830 95
-100 37062 95
-100 -4662 95
-100 -62285 95
-100 -45888 95
-100 -38826 95
-100 11137 95
-100 90606 95
-100 -29164 95
-100 89590 95
-100 -92516 95
-100 -69053 95
-100 71897 95
-100 -7758 95
-100 -52258 95
-100 -30830 95
-100 76012 95
-100 -96649 95
-100 63093 95
-100 69911 95
-100 47009 95
-100 59851 95
-100 -42287 95
-100 48298 95
-100 61435 95
-100 -27935 95
-100 38209 95
-100 -7804 95
-100 68609 95
-100 83002 95
-100 -29681 95
-100 97920 95
-100 13026 95
-100 -13578 95
-100 -35714 95
-100 74581 95
-100 -95057 95
-100 13134 95
-100 -83784 95
-100 -64804 95
-100 -45131 95
-100 -13856 95
-100 76095 95
-100 -14820 95
-100 -2040 95
-100 -69341 95
-100 80119 95
-100 100271 95
-100 -55988 95
-100 23606 95
-100 -70081 95
-100 -78217 95
-100 866 95
-100 -91932 95
-100 1999 95
-100 23928 95
-100 10968 95
-100 97980 95
-100 -5341 95
-100 -54039 95
-100 89732 95
-100 81584 95
-100 21674 95
-100 82848 95
-100 -85058 95
-100 90750 95
-100 -26761 95
-100 17790 95
-100 -29828 95
-100 -59863 95
-100 29455 95
-100 -28599 95
-100 62833 95
-100 70980 95
-100 12311 95
-100 -69194 95
-100 36040 95
-100 -38694 95
-100 -3602 95
-100 -94866 95
-100 -96630 95
-100 -35802 95
-100 86950 95
-100 -43052 95
-100 -39988 95
-100 80549 95
-100 -47190 95
-100 -69416 95
-100 51035 95
-100 -31413 95
-100 48371 95
-100 -95574 95
-100 -68701 95
-100 41333 95
-100 12721 95
-100 -52706 95
-100 65889 95
-100 -1768 95
-100 -16447 95
-100 -82114 95
-100 95240 95
-100 1433 95
-100 -15805 95
-100 3331 95
-100 -5105 95
-100 -71711 95
-100 -34865 95
-100 52145 95
-100 43047 95
-100 93271 95
-100 91078 95
-100 31007 95
-100 -42056 95
-100 32363 95
-100 -66876 95
-100 25207 95
-100 -40156 95
-100 -31706 95
-100 61722 95
-100 92326 95
-100 40024 95
-100 -24218 95
-100 -74559 95
-100 87502 95
-100 -92443 95
-100 60741 95
-100 69902 95
-100 -97210 95
-100 85319 95
-100 -62313 95
-100 78140 95
-100 -79098 95
-100 27278 95
-100 -87926 95
-100 44839 95
-100 90793 95
-100 95937 95
-100 24545 95
-100 87726 95
-100 63394 95
-100 54623 95
-100 -35094 95
-100 -29752 95
-100 -35631 95
-100 -86329 95
-100 97769 95
-100 -38632 95
-100 -21815 95
-100 -38185 95
-100 -4573 95
-100 -84169 95
-100 15296 95
-100 -61209 95
-100 2087 95
-100 -59297 95
-100 15714 95
-100 42220 95
-100 63647 95
-100 -47941 95
-100 -21629 95
-100 -46961 95
-100 -9375 95
-100 32790 95
-100 -78324 95
-100 -85698 95
-100 73495 95
-100 19193 95
-100 -35194 95
-100 -64526 95
-100 36990 95
-100 68359 95
-100 40755 95
-100 96683 95
-100 -74031 95
-100 -83705 95
-100 34039 95
-100 -93267 95
-100 -8648 95
-100 -94339 95
-100 55853 95
-100 -78829 95
-100 -80613 95
-100 -96042 95
-100 -69376 95
-100 -73908 95
-100 -61809 95
-100 -63671 95
-100 79182 95
-100 -45037 95
-100 94567 95
-100 -57714 95
-100 -90930 95
-100 38690 95
-100 80947 95
-100 -46427 95
-100 52954 95
-100 42477 95
-100 -37513 95
-100 96100 95
-100 -56741 95
-100 -66586 95
-100 -3955 95
-100 -84861 95
-100 -47037 95
-100 98437 95
-100 71146 95
-100 81510 95
-100 62784 95
-100 -45403 95
-100 94683 95
-100 -52201 95
-100 -35828 95
-100 100628 95
-100 15286 95
-100 -14489 95
-100 77681 95
-100 -77227 95
-100 -70305 95
-100 77606 95
-100 -62121 95
-100 -30990 95
-100 -8570 95
-100 -89630 95
-100 -73111 95
-100 53958 95
-100 -74299 95
-100 -75566 95
-100 13439 95
-100 30226 95
-100 -96457 95
-100 -78186 95
-100 9471 95
-100 93029 95
-100 -72406 95
-100 41274 95
-100 -57320 95
-100 -46912 95
-100 -99222 95
-100 25447 95
-100 -97375 95
-100 11983 95
-100 30694 95
-100 29766 95
-100 -13540 95
-100 -49372 95
-100 -95336 95
-100 367 95
-100 -32804 95
-100 66278 95
-100 -54766 95
-100 42177 95
-100 58820 95
-100 -47355 95
-100 -91210 95
-100 25559 95
-100 -34392 95
-100 74832 95
-100 -20065 95
-100 22068 95
-100 -45069 95
-100 -24021 95
-100 -15062 95
-100 -23742 95
-100 88833 95
-100 -69827 95
-100 -91976 95
-100 16361 95
-100 -97533 95
-100 -77269 95
-100 -90448 95
-100 -73989 95
-100 35108 95
-100 -88266 95
-100 93988 95
-100 -30256 95
-100 -52194 95
-100 46471 95
-100 -10927 95
-100 34802 95
-100 -50013 95
-100 66407 95
-100 32935 95
-100 72940 95
-100 55885 95
-100 22377 95
-100 -28161 95
-100 64899 95
-100 -77764 95
-100 -90669 95
-100 18890 95
-100 9595 95
-100 -97964 95
-100 37160 95
-100 21162 95
-100 -50925 95
-100 16806 95
-100 -52278 95
-100 -22719 95
-100 18657 95
-100 -68454 95
-100 88713 95
-100 -57997 95
-100 30028 95
-100 99831 95
-100 -85101 95
-100 -2880 95
-100 56190 95
-100 -40852 95
-100 -82666 95
-100 -55489 95
-100 -61496 95
-100 -16598 95
-100 27508 95
-100 95851 95
-100 -44641 95
-100 -97871 95
-100 37951 95
-100 -94845 95
-100 -19745 95
-100 51828 95
-100 94981 95
-100 50005 95
-100 -70991 95
-100 -42774 95
-100 -3520 95
-100 80505 95
-100 67884 95
-100 -55895 95
-100 46781 95
-100 -3813 95
-100 22286 95
-100 79493 95
-100 94545 95
-100 100063 95
-100 -84006 95
-100 40325 95
-100 62565 95
-100 75850 95
-100 38445 95
-100 14031 95
-100 45952 95
-100 21802 95
-100 -18378 95
-100 -55722 95
-100 -54958 95
-100 -72681 95
-100 -85043 95
-100 -40867 95
-100 -32955 95
-100 -41887 95
-100 99424 95
-100 42424 95
-100 2523 95
-100 -43295 95
-100 15951 95
-100 95610 95
-100 43258 95
-100 -21611 95
-100 -43317 95
-100 -69182 95
-100 33699 95
-100 -40911 95
-100 37121 95
-100 -62500 95
-100 -3912 95
-100 98415 95
-100 -23359 95
-100 -5417 95
-100 96407 95
-100 -50081 95
-100 14693 95
-100 96587 95
-100 -78655 95
-100 30511 95
-100 15041 95
-100 -11078 95
-100 -20592 95
-100 87909 95
-100 -70227 95
-100 -85727 95
-100 -21105 95
-100 6897 95
-100 10082 95
-100 16108 95
-100 -75200 95
-100 43865 95
-100 64407 95
-100 37064 95
-100 -57861 95
-100 -82331 95
-100 -42197 95
-100 -13748 95
-100 -71358 95
-100 43957 95
-100 -52261 95
-100 71719 95
-100 -94465 95
-100 77591 95
-100 55979 95
-100 -63463 95
-100 2669 95
-100 22883 95
-100 39332 95
-100 -98944 95
-100 58255 95
-100 -66738 95
-100 10227 95
-100 1072 95
-100 10520 95
-100 3700 95
-100 28127 95
-100 -31402 95
-100 72408 95
-100 -77630 95
-100 -69874 95
-100 -76343 95
-100 50490 95
-100 -50367 95
-100 46552 95
-100 -77646 95
-100 -31566 95
-100 63823 95
-100 -95559 95
-100 12009 95
-100 -62314 95
-100 2936 95
-100 -47852 95
-100 -18295 95
-100 -78013 95
-100 -68970 95
-100 -63219 95
-100 -96273 95
-100 61226 95
-100 -98880 95
-100 -72376 95
-100 -8559 95
-100 91743 95
-100 928 95
-100 -58321 95
-100 18298 95
-100 -73958 95
-100 -32129 95
-100 66123 95
-100 5088 95
-100 -45619 95
-100 -84544 95
-100 -62407 95
-100 -71728 95
-100 60096 95
-100 -14763 95
-100 18619 95
-100 -14434 95
-100 13963 95
-100 -66005 95
-100 -61608 95
-100 -72474 95
-100 3928 95
-100 -24428 95
-100 42174 95
-100 56970 95
-100 -72894 95
-100 -92054 95
-100 -9639 95
-100 -36504 95
-100 -6667 95
-100 52616 95
-100 -63374 95
-100 -56663 95
-100 27878 95
-100 -52528 95
-100 53941 95
-100 -43103 95
-100 -81682 95
-100 -37011 95
-100 92789 95
-100 37544 95
-100 -88623 95
-100 48801 95
-100 13096 95
-100 80658 95
-100 -5999 95
-100 28137 95
-100 96156 95
-100 -57098 95
-100 -89687 95
-100 -59918 95
-100 67525 95
-100 -68617 95
-100 45625 95
-100 -3300 95
-100 83388 95
-100 -29016 95
-100 -83370 95
-100 -6717 95
-100 -29443 95
-100 -92363 95
-100 -81491 95
-100 65277 95
-100 -70117 95
-100 46942 95
-100 -98491 95
-100 44492 95
-100 55781 95
-100 45357 95
-100 72658 95
-100 75972 95
-100 61535 95
-100 18037 95
-100 31786 95
-100 72584 95
-100 94293 95
-100 3812 95
-100 71629 95
-100 73076 95
-100 -51871 95
-100 48941 95
-100 42872 95
-100 100733 95
-100 68819 95
-100 -83974 95
-100 -56028 95
-100 -28805 95
-100 71702 95
-100 -80429 95
-100 52341 95
-100 -3507 95
-100 -43688 95
-100 -20871 95
-100 -25596 95
-100 -75255 95
-100 15787 95
-100 63803 95
-100 -93863 95
-100 38580 95
-100 8898 95
-100 56185 95
-100 10812 95
-100 58612 95
-100 79286 95
-100 -16670 95
-100 -97948 95
-100 -86669 95
-100 -37666 95
-100 12153 95
-100 74409 95
-100 12957 95
-100 -94893 95
-100 65116 95
-100 -16789 95
-100 95655 95
-100 13453 95
-100 -4071 95
-100 -10209 95
-100 -83766 95
-100 -39518 95
-100 -51912 95
-100 10432 95
-100 -619 95
-100 -23722 95
-100 -92535 95
-100 -14921 95
-100 28125 95
-100 78355 95
-100 98842 95
-100 63903 95
-100 64615 95
-100 98590 95
-100 83125 95
-100 -38013 95
-100 -32563 95
-100 28223 95
-100 -5628 95
-100 66258 95
-100 -99137 95
-100 41814 95
-100 93170 95
-100 -16042 95
-100 -54964 95
-100 -45503 95
-100 98394 95
-100 -9787 95
-100 15625 95
-100 64007 95
-100 -16529 95
-100 17009 95
-100 -68300 95
-100 43848 95
-100 58094 95
-100 -39575 95
-100 86162 95
-100 69625 95
-100 -52511 95
-100 86658 95
-100 -54951 95
-100 80718 95
-100 -13875 95
-100 6328 95
-100 23468 95
-100 45478 95
-100 78744 95
-100 13767 95
-100 64356 95
-100 75430 95
-100 26877 95
-100 44840 95
-100 -79946 95
-100 -89364 95
-100 71468 95
-100 -63547 95
-100 -27672 95
-100 39761 95
-100 45832 95
-100 73418 95
-100 37337 95
-100 -45114 95
-100 17543 95
-100 58802 95
-100 -46885 95
-100 46278 95
-100 71850 95
-100 82827 95
-100 -36571 95
-100 -90650 95
-100 -39489 95
-100 -59681 95
-100 -31155 95
-100 -42804 95
-100 28946 95
-100 -39869 95
-100 -43608 95
-100 -53152 95
-100 -26433 95
-100 -27281 95
-100 -92077 95
-100 -85548 95
-100 6151 95
-100 11819 95
-100 -22388 95
-100 100676 95
-100 -87568 95
-100 98957 95
-100 47589 95
-100 12595 95
-100 -26719 95
-100 60651 95
-100 -25539 95
-100 -83934 95
-100 59324 95
-100 20555 95
-100 48114 95
-100 -29659 95
-100 -77776 95
-100 4590 95
-100 98293 95
-100 -7091 95
-100 34386 95
-100 5464 95
-100 -61532 95
-100 -25820 95
-100 -58117 95
-100 -40899 95
-100 24850 95
-100 3416 95
-100 69323 95
-100 70145 95
-100 55682 95
-100 94726 95
-100 56872 95
-100 -38986 95
-100 56753 95
-100 55736 95
-100 14912 95
-100 -77295 95
-100 -25504 95
-100 -38957 95
-100 -78568 95
-100 -45873 95
-100 70658 95
-100 -81630 95
-100 22774 95
-100 5188 95
-100 46475 95
-100 84435 95
-100 -51422 95
-100 -63701 95
-100 29489 95
-100 22585 95
-100 56926 95
-100 17565 95
-100 3432 95
-100 42643 95
-100 60881 95
-100 51985 95
-100 22114 95
-100 -56219 95
-100 -86782 95
-100 -25776 95
-100 -58940 95
-100 -11145 95
-100 80399 95
-100 -67865 95
-100 50887 95
-100 -72335 95
-100 -94905 95
-100 27244 95
-100 6583 95
-100 95423 95
-100 98013 95
-100 -80020 95
-100 -42035 95
-100 99789 95
-100 -77396 95
-100 -97519 95
-100 82534 95
-100 -69092 95
-100 -30752 95
-100 -57850 95
-100 22269 95
-100 -63914 95
-100 -71404 95
-100 79884 95
-100 -53416 95
-100 41886 95
-100 -91842 95
-100 62776 95
-100 21066 95
-100 81542 95
-100 21315 95
-100 -94224 95
-100 91900 95
-100 95912 95
-100 94877 95
-100 71103 95
-100 34604 95
-100 -82939 95
-100 -1826 95
-100 -41833 95
-100 65318 95
-100 -86878 95
-100 -28212 95
-100 -50343 95
-100 -74106 95
-100 -58326 95
-100 93756 95
-100 90463 95
-100 -72568 95
-100 -59502 95
-100 -37831 95
-100 -93909 95
-100 -91909 95
-100 25219 95
-100 -4925 95
-100 56664 95
-100 58108 95
-100 1928 95
-100 -45624 95
-100 -64557 95
-100 78036 95
-100 -29076 95
-100 6834 95
-100 64970 95
-100 -22615 95
-100 57278 95
-100 -54996 95
-100 57699 95
-100 85579 95
-100 -1906 95
-100 -77737 95
-100 -84909 95
-100 52191 95
-100 29777 95
-100 73708 95
-100 20469 95
-100 -69436 95
-100 -98693 95
-100 94462 95
-100 -40848 95
-100 -33348 95
-100 -53295 95
-100 -5522 95
-100 42447 95
-100 -95800 95
-100 21550 95
-100 70667 95
-100 -33376 95
-100 -34629 95
-100 15636 95
-100 59438 95
-100 -90337 95
-100 57493 95
-100 -62092 95
-100 -80850 95
-100 -77152 95
-100 79472 95
-100 81553 95
-100 -92606 95
-100 44628 95
-100 27699 95
-100 74758 95
-100 22193 95
-100 -39243 95
-100 -3890 95
-100 -21592 95
-100 -12213 95
-100 -27154 95
-100 22983 95
-100 27056 95
-100 72652 95
-100 -25584 95
-100 -425 95
-100 -4891 95
-100 58011 95
-100 64571 95
-100 1067 95
-100 -49686 95
-100 -67476 95
-100 40885 95
-100 -19119 95
-100 20225 95
-100 -26953 95
-100 -21677 95
-100 32443 95
-100 69 95
-100 -19447 95
-100 -42504 95
-100 25613 95
-100 37269 95
-100 46179 95
-100 -92112 95
-100 99022 95
-100 86324 95
-100 69195 95
-100 13113 95
-100 -39962 95
-100 -31225 95
-100 40410 95
-100 -49572 95
-100 22646 95
-100 26830 95
-100 51953 95
-100 -18416 95
-100 -58908 95
-100 48455 95
-100 67362 95
-100 91780 95
-100 33772 95
-100 -88853 95
-100 8577 95
-100 65053 95
-100 55470 95
-100 -13183 95
-100 -60449 95
-100 -93774 95
-100 3628 95
-100 -24419 95
-100 -37179 95
-100 -35432 95
-100 12578 95
-100 6252 95
-100 29560 95
-100 62047 95
-100 -54025 95
-100 52212 95
-100 70591 95
-100 -6354 95
-100 81062 95
-100 -7907 95
-100 -7090 95
-100 -72388 95
-100 -63372 95
-100 -55692 95
-100 -85124 95
-100 30212 95
-100 31 95
-100 18384 95
-100 -32410 95
-100 86131 95
-100 83569 95
-100 -7606 95
-100 -16556 95
-100 -65144 95
-100 73726 95
-100 75619 95
-100 45142 95
-100 -69794 95
-100 32833 95
-100 45479 95
-100 57650 95
-100 79915 95
-100 48473 95
-100 -79241 95
-100 -62040 95
-100 92631 95
-100 -98508 95
-100 -43806 95
-100 77146 95
-100 100096 95
-100 -61011 95
-100 -14650 95
-100 -79586 95
-100 32603 95
-100 -12271 95
-100 6513 95
-100 -36200 95
-100 64809 95
-100 -12948 95
-100 -7925 95
-100 -27708 95
-100 2421 95
-100 -85735 95
-100 39972 95
-100 35386 95
-100 9354 95
-100 -244 95
-100 56840 95
-100 -43199 95
-100 77638 95
-100 99274 95
-100 -2077 95
-100 1876 95
-100 31124 95
-100 -86277 95
-100 -3880 95
-100 22510 95
-100 81643 95
-100 55750 95
-100 66292 95
-100 77544 95
-100 61285 95
-100 -56798 95
-100 -25444 95
-100 32938 95
-100 74872 95
-100 -56755 95
-100 72241 95
-100 -5193 95
-100 30941 95
-100 -17581 95
-100 -21591 95
-100 -76407 95
-100 7764 95
-100 -94695 95
-100 -41291 95
-100 24487 95
-100 18236 95
-100 95407 95
-100 50973 95
-100 -60857 95
-100 81494 95
-100 36657 95
-100 2208 95
-100 -19438 95
-100 43745 95
-100 -2757 95
-100 -57770 95
-100 10947 95
-100 -92164 95
-100 20413 95
-100 5607 95
-100 36909 95
-100 21797 95
-100 98339 95
-100 -33009 95
-100 23235 95
-100 3110 95
-100 7759 95
-100 -15928 95
-100 32741 95
-100 -77024 95
-100 30159 95
-100 -22290 95
-100 -62248 95
-100 97212 95
-100 -19116 95
-100 -19806 95
-100 73512 95
-100 -37375 95
-100 -49514 95
-100 67010 95
-100 70051 95
-100 -95334 95
-100 -16128 95
-100 81257 95
-100 -20990 95
-100 -24442 95
-100 4656 95
-100 -25294 95
-100 1485 95
-100 -12940 95
-100 15703 95
-100 45920 95
-100 -65907 95
-100 22633 95
-100 -3019 95
-100 -68018 95
-100 6917 95
-100 -26609 95
-100 -42064 95
-100 21767 95
-100 61937 95
-100 -50306 95
-100 -24108 95
-100 -39082 95
-100 15334 95
-100 -61622 95
-100 48972 95
-100 -38039 95
-100 -94903 95
-100 -94985 95
-100 -9274 95
-100 -94351 95
-100 -26489 95
-100 84567 95
-100 79971 95
-100 -63765 95
-100 -25063 95
-100 5936 95
-100 78724 95
-100 -82070 95
-100 -32280 95
-100 954 95
-100 -18243 95
-100 -41070 95
-100 -7986 95
-100 -65838 95
-100 48297 95
-100 78265 95
-100 93432 95
-100 -23154 95
-100 -89514 95
-100 -56940 95
-100 -49444 95
-100 35459 95
-100 -65232 95
-100 -90600 95
-100 33738 95
-100 17384 95
-100 95706 95
-100 -48596 95
-100 91169 95
-100 51692 95
-100 73704 95
-100 -25027 95
-100 -65859 95
-100 -44267 95
-100 -23781 95
-100 -48993 95
-100 -15136 95
-100 -38073 95
-100 71449 95
-100 17151 95
-100 50575 95
-100 60575 95
-100 76640 95
-100 73529 95
-100 2003 95
-100 5051 95
-100 -89899 95
-100 -48522 95
-100 68673 95
-100 78185 95
-100 12177 95
-100 8032 95
-100 -20543 95
-100 75535 95
-100 -2588 95
-100 -9158 95
-100 76045 95
-100 -35278 95
-100 40509 95
-100 -49046 95
-100 -68601 95
-100 40723 95
-100 78197 95
-100 85850 95
-100 1937 95
-100 -50561 95
-100 -36537 95
-100 97411 95
-100 71610 95
-100 91768 95
-100 93431 95
-100 12590 95
-100 6948 95
-100 52593 95
-100 10464 95
-100 30247 95
-100 -31683 95
-100 5301 95
-100 -31200 95
-100 -7882 95
-100 55000 95
-100 -489 95
-100 33460 95
-100 66060 95
-100 -39959 95
-100 66752 95
-100 59683 95
-100 -30723 95
-100 9645 95
-100 82319 95
-100 -58498 95
-100 82845 95
-100 84188 95
-100 8920 95
-100 -33799 95
-100 73539 95
-100 10422 95
-100 89204 95
-100 -14491 95
-100 -68541 95
-100 44165 95
-100 -18408 95
-100 41267 95
-100 -97751 95
-100 1336 95
-100 -43314 95
-100 60426 95
-100 81556 95
-100 89992 95
-100 -93580 95
-100 -79038 95
-100 10127 95
-100 58212 95
-100 -59927 95
-100 -5161 95
-100 -55377 95
-100 62111 95
-100 13539 95
-100 -76065 95
-100 64948 95
-100 91970 95
-100 -75204 95
-100 -96496 95
-100 -63714 95
-100 67112 95
-100 88251 95
-100 -31114 95
-100 50411 95
-100 -71491 95
-100 -59024 95
-100 60375 95
-100 31652 95
-100 -72178 95
-100 -35775 95
-100 -8899 95
-100 -28725 95
-100 18195 95
-100 -59079 95
-100 -16330 95
-100 87025 95
-100 -13728 95
-100 60421 95
-100 -74076 95
-100 26618 95
-100 -81393 95
-100 -33697 95
-100 73607 95
-100 -34690 95
-100 94800 95
-100 39751 95
-100 51625 95
-100 64013 95
-100 -34996 95
-100 32592 95
-100 77369 95
-100 -78216 95
-100 -60132 95
-100 -45966 95
-100 -57535 95
-100 -54488 95
-100 46176 95
-100 88511 95
-100 73933 95
-100 52658 95
-100 -15990 95
-100 89012 95
-100 95693 95
-100 -20095 95
-100 -21593 95
-100 39576 95
-100 3832 95
-100 -49449 95
-100 -21585 95
-100 3890 95
-100 3463 95
-100 -42128 95
-100 -1576 95
-100 -51368 95
-100 91230 95
-100 -65477 95
-100 20535 95
-100 6341 95
-100 12389 95
-100 98081 95
-100 -40362 95
-100 46099 95
-100 81496 95
-100 -70201 95
-100 -63769 95
-100 -77501 95
-100 27663 95
-100 -92300 95
-100 97970 95
-100 34100 95
-100 -41435 95
-100 -56815 95
-100 -69190 95
-100 -1734 95
-100 26218 95
-100 -82124 95
-100 -59491 95
-100 -35308 95
-100 -67522 95
-100 -96041 95
-100 -23738 95
-100 19503 95
-100 -86471 95
-100 42216 95
-100 97176 95
-100 43331 95
-100 82342 95
-100 56242 95
-100 38859 95
-100 28730 95
-100 94960 95
-100 51576 95
-100 20947 95
-100 -14209 95
-100 -64025 95
-100 9063 95
-100 -84572 95
-100 -57834 95
-100 63808 95
-100 44774 95
-100 -38485 95
-100 -97290 95
-100 -46950 95
-100 92683 95
-100 -9867 95
-100 -21434 95
-100 -73182 95
-100 89230 95
-100 -17716 95
-100 7099 95
-100 42542 95
-100 26229 95
-100 28887 95
-100 73791 95
-100 -61697 95
-100 38163 95
-100 97033 95
-100 14630 95
-100 -66845 95
-100 -38352 95
-100 37290 95
-100 -6282 95
-100 45200 95
-100 -10690 95
-100 16932 95
-100 -46431 95
-100 -12110 95
-100 -25809 95
-100 -36574 95
-100 -54602 95
-100 -16614 95
-100 -10711 95
-100 83777 95
-100 15283 95
-100 -12276 95
-100 25433 95
-100 33322 95
-100 33115 95
-100 -60370 95
-100 -66257 95
-100 67708 95
-100 92030 95
-100 -59548 95
-100 -78222 95
-100 70765 95
-100 27798 95
-100 24055 95
-100 -84584 95
-100 33749 95
-100 85244 95
-100 -95366 95
-100 93587 95
-100 -86002 95
-100 59922 95
-100 -65679 95
-100 -53377 95
-100 80586 95
-100 54911 95
-100 7601 95
-100 98347 95
-100 23155 95
-100 37594 95
-100 -86287 95
-100 -35481 95
-100 -86128 95
-100 10486 95
-100 -25194 95
-100 34832 95
-100 35714 95
-100 14559 95
-100 64603 95
-100 -51768 95
-100 -49537 95
-100 -17572 95
-100 -52954 95
-100 5199 95
-100 67836 95
-100 32261 95
-100 -85155 95
-100 -35853 95
-100 -53138 95
-100 -64864 95
-100 -77005 95
-100 -51322 95
-100 3158 95
-100 59409 95
-100 -2744 95
-100 98689 95
-100 -72135 95
-100 -80090 95
-100 -39349 95
-100 -80917 95
-100 -30277 95
-100 80443 95
-100 91125 95
-100 -81534 95
-100 -79192 95
-100 72401 95
-100 13985 95
-100 -21339 95
-100 -6745 95
-100 -71458 95
-100 -1227 95
-100 -97053 95
-100 -13632 95
-100 40629 95
-100 37135 95
-100 -65038 95
-100 100499 95
-100 -46595 95
-100 -88989 95
-100 29471 95
-100 73724 95
-100 75081 95
-100 44124 95
-100 -24612 95
-100 71300 95
-100 -74033 95
-100 -81569 95
-100 -81693 95
-100 23555 95
-100 7217 95
-100 46670 95
-100 -68483 95
-100 -82296 95
-100 1129 95
-100 98979 95
-100 -93327 95
-100 92932 95
-100 -78410 95
-100 11523 95
-100 -40907 95
-100 -47123 95
-100 64287 95
-100 -45287 95
-100 -88404 95
-100 42492 95
-100 99561 95
-100 -87934 95
-100 -96006 95
-100 -35869 95
-100 32642 95
-100 -22260 95
-100 62981 95
-100 -6976 95
-100 -63697 95
-100 -66956 95
-100 -20421 95
-100 36712 95
-100 -33997 95
-99 62557 94
-100 75346 95
-100 18518 95
-100 7143 95
-100 -55938 95
-100 -19812 95
-100 -80873 95
-100 -1282 95
-100 12628 95
-100 86365 95
-100 63079 95
-100 16946 95
-100 -11858 95
-100 52685 95
-100 -52730 95
-100 26664 95
-100 26146 95
-100 -91995 95
-100 -42072 95
-100 93483 95
-100 -36799 95
-100 -42278 95
-100 84534 95
-100 -94433 95
-100 63826 95
-100 -90482 95
-100 15958 95
-100 -37806 95
-100 81561 95
-100 -71117 95
-100 -8563 95
-100 -13299 95
-100 -61394 95
-100 8269 95
-100 -40288 95
-100 5897 95
-100 -21887 95
-100 -88990 95
-100 -98688 95
-100 37013 95
-100 -69715 95
-100 -82260 95
-100 96256 95
-100 -81449 95
-100 -76665 95
-100 88476 95
-100 -42257 95
-100 -23207 95
-100 94289 95
-100 51561 95
-100 67673 95
-100 96312 95
-100 11130 95
-100 -67161 95
-100 4501 95
-100 25369 95
-100 -2355 95
-100 74238 95
-100 56322 95
-100 73968 95
-100 28970 95
-100 38363 95
-100 -62863 95
-100 -24302 95
-100 53968 95
-100 93475 95
-100 15136 95
-100 34796 95
-100 88832 95
-100 12687 95
-100 -18208 95
-100 79094 95
-100 -36206 95
-100 -77949 95
-100 -88969 95
-100 31619 95
-100 -36282 95
-100 -70729 95
-100 68958 95
-100 60059 95
-100 10666 95
-100 64373 95
-100 -34738 95
-100 44820 95
-100 -61842 95
-100 -88557 95
-100 39042 95
-100 -21861 95
-100 9120 95
-100 -21287 95
-100 78645 95
-100 -62377 95
-100 -32663 95
-100 55460 95
-100 -29446 95
-100 74649 95
-100 75376 95
-100 88140 95
-100 -31938 95
-100 -58096 95
-100 -59628 95
-100 70607 95
-100 -68860 95
-100 79025 95
-100 -60657 95
-100 -39381 95
-100 -76838 95
-100 -63836 95
-100 -19118 95
-100 -10454 95
-100 -57033 95
-100 99673 95
-100 41453 95
-100 -88368 95
-100 11149 95
-100 55503 95
-100 -91504 95
-100 -52505 95
-100 -23056 95
-100 -69655 95
-100 -22902 95
-100 -26587 95
-100 52412 95
-100 54949 95
-100 26774 95
-100 38548 95
-100 -42185 95
-100 -90222 95
-100 -75102 95
-100 100076 95
-100 -38890 95
-100 48916 95
-100 -52136 95
-100 70070 95
-100 56178 95
-100 -67266 95
-100 89001 95
-100 33804 95
-100 -64831 95
-100 90434 95
-100 23795 95
-100 52766 95
-100 -65003 95
-100 -53275 95
-100 12650 95
-100 -69428 95
-100 75260 95
-100 76282 95
-100 -93848 95
-100 13645 95
-100 33220 95
-100 17438 95
-100 28600 95
-100 -93829 95
-100 71939 95
-100 51448 95
-100 94350 95
-100 31855 95
-100 92109 95
-100 25633 95
-100 26584 95
-100 -2677 95
-100 46737 95
-100 7156 95
-100 11917 95
-100 19789 95
-100 -85326 95
-100 8771 95
-100 29357 95
-100 68482 95
-100 -84387 95
-100 97368 95
-100 17783 95
-100 -53730 95
-100 -43750 95
-100 -57952 95
-100 21625 95
-100 68464 95
-100 -43424 95
-100 -32703 95
-100 89282 95
-100 81791 95
-100 -27066 95
-100 -76917 95
-100 -13844 95
-100 92591 95
-100 -76204 95
-100 65101 95
-100 -60096 95
-100 -83156 95
-100 69689 95
-100 4305 95
-100 -95630 95
-100 -3127 95
-100 58423 95
-100 36419 95
-100 49498 95
-100 -33489 95
-100 53966 95
-100 -59954 95
-100 -52723 95
-100 -53564 95
-100 13412 95
-100 -11150 95
-100 -72190 95
-100 -97890 95
-100 47246 95
-100 60068 95
-100 5741 95
-100 24980 95
-100 96068 95
-100 -26182 95
-100 49675 95
-100 17381 95
-100 37666 95
-100 -52965 95
-100 -95578 95
-100 2773 95
-100 61821 95
-100 -58696 95
-100 61865 95
-100 37613 95
-100 94929 95
-100 38315 95
-100 -20223 95
-100 81231 95
-100 21383 95
-100 95252 95
-100 64671 95
-100 -57559 95
-100 -76287 95
-100 100176 95
-100 24796 95
-100 -77891 95
-100 40606 95
-100 -71747 95
-100 28415 95
-100 7144 95
-100 -82741 95
-100 28295 95
-100 -79522 95
-100 -86978 95
-100 -17850 95
-100 58783 95
-100 34088 95
-100 69374 95
-100 84894 95
-100 -62833 95
-100 -62171 95
-100 -15907 95
-100 69893 95
-100 -5714 95
-100 -62933 95
-100 -17788 95
-100 -15280 95
-100 -74567 95
-100 100455 95
-100 49608 95
-100 -56857 95
-100 -41902 95
-100 -91895 95
-100 -78417 95
-100 27387 95
-100 -96132 95
-100 -56312 95
-100 -40128 95
-100 11858 95
-100 11767 95
-100 30931 95
-100 -19421 95
-100 34682 95
-100 -52099 95
-100 77837 95
-100 98636 95
-100 -81112 95
-100 -56665 95
-100 86193 95
-100 70454 95
-100 -23355 95
-100 -35354 95
-100 10423 95
-100 20816 95
-100 -22531 95
-100 -15693 95
-100 52349 95
-100 -70125 95
-100 87078 95
-100 44832 95
-100 29176 95
-100 57848 95
-100 72942 95
-100 12736 95
-100 -38895 95
-100 94849 95
-100 11341 95
-100 98079 95
-100 -58914 95
-100 -96994 95
-100 -42157 95
-100 98250 95
-100 -24886 95
-100 34160 95
-100 83417 95
-100 12081 95
-100 -43070 95
-100 59297 95
-100 1095 95
-100 -24113 95
-100 -30081 95
-100 76527 95
-100 -8765 95
-100 -20999 95
-100 59525 95
-100 8001 95
-100 84036 95
-100 -85617 95
-100 -98063 95
-100 27607 95
-100 -94884 95
-100 91218 95
-100 -78248 95
-100 33417 95
-100 -11484 95
-100 -86027 95
-100 609 95
-100 -21302 95
-100 74845 95
-100 86611 95
-100 -35921 95
-100 59366 95
-100 10894 95
-100 -84378 95
-100 84446 95
-100 61993 95
-100 96374 95
-100 32190 95
-100 -44923 95
-100 90515 95
-100 20182 95
-100 99120 95
-100 83702 95
-100 -45383 95
-100 -81316 95
-100 98187 95
-100 -82495 95
-100 51600 95
-100 -80944 95
-100 -4322 95
-100 -19848 95
-100 87851 95
-100 13946 95
-100 36320 95
-100 50804 95
-100 -97220 95
-100 6088 95
-100 -84266 95
-100 -16057 95
-100 67508 95
-100 -47499 95
-100 -826 95
-100 27308 95
-100 -83955 95
-100 -19160 95
-100 -38342 95
-100 -9 95
-100 65249 95
-100 -87734 95
-100 82945 95
-100 42822 95
-100 60027 95
-100 49872 95
-100 -26230 95
-100 -23734 95
-100 6250 95
-100 -14511 95
-100 -95012 95
-100 -8107 95
-100 13933 95
-100 8359 95
-100 13515 95
-100 -56388 95
-100 69722 95
-100 -32365 95
-100 -95409 95
-100 -17310 95
-100 -27469 95
-100 -72828 95
-100 58621 95
-100 15576 95
-100 -74829 95
-100 17045 95
-100 9890 95
-100 -55346 95
-100 -72664 95
-100 -59468 95
-100 49862 95
-100 81173 95
-100 49676 95
-100 -28788 95
-100 -65890 95
-100 45632 95
-100 21627 95
-100 -59922 95
-100 41795 95
-100 63868 95
-100 -20441 95
-100 31770 95
-100 -31881 95
-100 -50708 95
-100 -61725 95
-100 -58318 95
-100 49022 95
-100 -22766 95
-100 -19619 95
-100 -51729 95
-100 -18648 95
-100 99694 95
-100 36459 95
-100 49843 95
-100 87860 95
-100 94652 95
-100 -89841 95
-100 64660 95
-100 98934 95
-100 -73107 95
-100 64670 95
-100 18202 95
-100 -33157 95
-100 -84404 95
-100 -76925 95
-100 -49361 95
-100 -82122 95
-100 51995 95
-100 -88682 95
-100 27994 95
-100 69895 95
-100 96791 95
-100 -33566 95
-100 -14881 95
-100 -65186 95
-100 42436 95
-100 52424 95
-100 28983 95
-100 -31757 95
-100 -66510 95
-100 -87244 95
-100 28651 95
-100 50110 95
-100 58217 95
-100 -32277 95
-100 -25624 95
-100 -44139 95
-100 77673 95
-100 -96547 95
-100 33238 95
-100 -63517 95
-100 28402 95
-100 -95457 95
-100 -10158 95
-100 -60344 95
-100 -63913 95
-100 -73880 95
-100 3451 95
-100 -86191 95
-100 11765 95
-100 39192 95
-100 89526 95
-100 78429 95
-100 -12029 95
-100 16134 95
-100 -84771 95
-100 43212 95
-100 -30584 95
-100 70109 95
-100 -58638 95
-100 84128 95
-100 -49982 95
-100 -46424 95
-100 98064 95
-100 79307 95
-100 -20778 95
-100 -578 95
-100 -48480 95
-100 26575 95
-100 47300 95
-100 -2031 95
-100 53784 95
-100 -6999 95
-100 -15707 95
-100 -63655 95
-100 81328 95
-100 -84521 95
-100 85571 95
-100 -82560 95
-100 -39084 95
-100 -57916 95
-100 20362 95
-100 -33090 95
-100 55545 95
-100 79620 95
-100 -88898 95
-100 68514 95
-100 72469 95
-100 -36379 95
-100 32606 95
-100 42860 95
-100 -88869 95
-100 -26337 95
-100 947 95
-100 -56697 95
-100 -2979 95
-100 -64165 95
-100 26509 95
-100 -34340 95
-100 50081 95
-100 -13809 95
-100 85614 95
-100 -98539 95
-100 24833 95
-100 41611 95
-100 -81992 95
-100 74605 95
-100 -98856 95
-100 -6804 95
-100 25171 95
-100 -2212 95
-100 3344 95
-100 10249 95
-100 -46596 95
-100 -44822 95
-100 70909 95
-100 -39029 95
-100 -56698 95
-100 77475 95
-100 90619 95
-100 -39120 95
-100 -81070 95
-100 14396 95
-100 -50274 95
-100 15297 95
-100 90116 95
-100 -35799 95
-100 -93391 95
-100 -22509 95
-100 73618 95
-100 -51645 95
-100 62068 95
-100 58283 95
-100 47598 95
-100 4813 95
-100 357 95
-100 5815 95
-100 18269 95
-100 -33690 95
-100 81564 95
-100 -82443 95
-100 90178 95
-100 87629 95
-100 -66888 95
-100 64142 95
-100 -21964 95
-100 19048 95
-100 33557 95
-100 43822 95
-100 99437 95
-100 -15983 95
-100 70108 95
-100 -88572 95
-100 -33985 95
-100 -75857 95
-100 -67622 95
-100 -3369 95
-100 -70963 95
-100 29653 95
-100 -98757 95
-100 -94285 95
-100 19271 95
-100 94572 95
-100 -83300 95
-100 -15353 95
-100 -75333 95
-100 42089 95
-100 39450 95
-100 51280 95
-100 16515 95
-100 21510 95
-100 86133 95
-100 -50422 95
-100 56299 95
-100 -95143 95
-100 3002 95
-100 85258 95
-100 11695 95
-100 31801 95
-100 -34206 95
-100 21048 95
-100 9923 95
-100 -64070 95
-100 -58706 95
-100 64441 95
-100 -61590 95
-100 11904 95
-100 54974 95
-100 8456 95
-100 36342 95
-100 -48290 95
-100 -35867 95
-100 2088 95
-100 -74365 95
-100 -45571 95
-100 36097 95
-100 -69302 95
-100 -80077 95
-100 30178 95
-100 9542 95
-100 87465 95
-100 -58328 95
-100 47529 95
-100 -37871 95
-100 82332 95
-100 51252 95
-100 -37663 95
-100 -73797 95
-100 -30309 95
-100 68183 95
-100 -15027 95
-100 15985 95
-100 -59454 95
-100 46225 95
-100 -55863 95
-100 -43038 95
-100 49245 95
-100 84213 95
-100 -77438 95
-100 -47219 95
-100 -49462 95
-100 15565 95
-100 76934 95
-100 40724 95
-100 -62601 95
-100 -60524 95
-100 80070 95
-100 81349 95
-100 -45302 95
-100 74319 95
-100 44804 95
-100 68364 95
-100 -9392 95
-100 80597 95
-100 -61584 95
-100 -60139 95
-100 -46682 95
-100 60439 95
-100 51261 95
-100 -54961 95
-100 -95523 95
-100 44316 95
-100 -98831 95
-100 -45218 95
-100 -4305 95
-100 -16082 95
-100 -78789 95
-100 -86671 95
-100 -54618 95
-100 90107 95
-100 -46876 95
-100 -16830 95
-100 -97404 95
-100 712 95
-100 45700 95
-100 -22764 95
-100 -88950 95
-100 14512 95
-100 18033 95
-100 86448 95
-100 55020 95
-100 -2375 95
-100 77838 95
-100 18007 95
-100 19199 95
-100 39478 95
-100 -7782 95
-100 77015 95
-100 -33947 95
-100 -74011 95
-100 -59860 95
-100 34325 95
-100 -39260 95
-100 -8715 95
-100 -44884 95
-100 59582 95
-100 32131 95
-100 -19538 95
-100 -49254 95
-100 -87771 95
-100 10393 95
-100 36171 95
-100 -85143 95
-100 -52790 95
-100 9192 95
-100 51794 95
-100 -69586 95
-100 54571 95
-100 83174 95
-100 57867 95
-100 -16716 95
-100 28177 95
-100 -86328 95
-100 -16339 95
-100 75399 95
-100 -4408 95
-100 60456 95
-100 -43271 95
-100 -58047 95
-100 -24879 95
-100 70073 95
-100 8087 95
-100 -52390 95
-100 -85475 95
-100 64023 95
-100 5995 95
-100 -64023 95
-100 91388 95
-100 -10557 95
-100 -23792 95
-100 34372 95
-100 -96946 95
-100 97913 95
-100 -13103 95
-100 22870 95
-100 -45149 95
-100 -37090 95
-100 -3994 95
-100 17880 95
-100 75117 95
-100 9626 95
-100 -82985 95
-100 -66146 95
-100 25104 95
-100 85860 95
-100 -63397 95
-100 -40640 95
-100 -71085 95
-100 -97607 95
-100 -17506 95
-100 -23859 95
-100 88717 95
-100 -68113 95
-100 -38938 95
-100 -92359 95
-100 -60483 95
-100 -63043 95
-100 62228 95
-100 91017 95
-100 54387 95
-100 -53568 95
-100 88899 95
-100 83240 95
-100 -9780 95
-100 93527 95
-100 47279 95
-100 99802 95
-100 89209 95
-100 42778 95
-100 37365 95
-100 -47660 95
-100 3488 95
-100 -16711 95
-100 -44284 95
-100 75460 95
-100 77742 95
-100 76355 95
-100 -97658 95
-100 -92351 95
-100 -85322 95
-100 -2999 95
-100 32317 95
-100 44241 95
-100 74838 95
-100 16261 95
-100 -83973 95
-100 27604 95
-100 -35818 95
-100 79811 95
-100 -5063 95
-100 -17005 95
-100 -31819 95
-100 -72130 95
-100 -11711 95
-100 31946 95
-100 -96619 95
-100 77991 95
-100 21922 95
-100 45058 95
-100 4474 95
-100 45391 95
-100 25293 95
-100 -34378 95
-100 59359 95
-100 85061 95
-100 30712 95
-100 44924 95
-100 63075 95
-100 62229 95
-100 62865 95
-100 48427 95
-100 3146 95
-100 38781 95
-100 71879 95
-100 -30993 95
-100 79808 95
-100 18857 95
-100 -52633 95
-100 4444 95
-100 20209 95
-100 65557 95
-100 -38812 95
-100 -31095 95
-100 43017 95
-100 -9877 95
-100 -5228 95
-100 -5954 95
-100 13078 95
-100 43414 95
-100 -86358 95
-100 -92698 95
-100 806 95
-100 81390 95
-100 7190 95
-100 -78701 95
-100 97916 95
-100 -23446 95
-100 -92262 95
-100 -41228 95
-100 -105 95
-100 -97789 95
-100 95564 95
-100 -21670 95
-100 -45333 95
-100 166 95
-100 23793 95
-100 30441 95
-100 -22947 95
-100 -68317 95
-100 -29933 95
-100 36662 95
-100 -34647 95
-100 -74053 95
-100 -3503 95
-100 -83374 95
-100 -27629 95
-100 49156 95
-100 98867 95
-100 -30029 95
-100 15616 95
-100 -2496 95
-100 -20030 95
-100 -86142 95
-100 -4259 95
-100 -24980 95
-100 49652 95
-100 -89618 95
-100 -19950 95
-100 49440 95
-100 -38706 95
-100 69613 95
-100 49101 95
-100 -69693 95
-100 41481 95
-100 68906 95
-100 2908 95
-100 29151 95
-100 -39457 95
-100 82932 95
-100 22777 95
-100 51726 95
-100 -17465 95
-100 -91201 95
-100 70548 95
-100 94231 95
-100 44173 95
-100 -3014 95
-100 -75069 95
-100 56143 95
-100 -66060 95
-100 -22701 95
-100 -30132 95
-100 -20936 95
-100 -65759 95
-100 -86345 95
-100 -26579 95
-100 30915 95
-100 77050 95
-100 -26707 95
-100 69058 95
-100 99478 95
-100 69940 95
-100 87623 95
-100 25085 95
-100 -57574 95
-100 -23387 95
-100 -67496 95
-100 -41717 95
-100 15832 95
-100 -83009 95
-100 -68958 95
-100 -47299 95
-100 60348 95
-100 -76966 95
-100 -16873 95
-100 6877 95
-100 8092 95
-100 38188 95
-100 15827 95
-100 -48487 95
-100 -21039 95
-100 68006 95
-100 87701 95
-100 8274 95
-100 27563 95
-100 -8958 95
-100 -44585 95
-100 31932 95
-100 1329 95
-100 46464 95
-100 66618 95
-100 -86569 95
-100 58274 95
-100 35111 95
-100 -70553 95
-100 92437 95
-100 -38543 95
-100 37009 95
-100 -92656 95
-100 -15500 95
-100 8514 95
-100 -19266 95
-100 -46633 95
-100 517 95
-100 26045 95
-100 48349 95
-100 43209 95
-100 92980 95
-100 -60056 95
-100 -65880 95
-100 96631 95
-100 -57179 95
-100 1295 95
-100 -53634 95
-100 27928 95
-100 -75441 95
-100 36448 95
-100 12739 95
-100 -73648 95
-100 -52401 95
-100 83076 95
-100 -19792 95
-100 36533 95
-100 65437 95
-100 8945 95
-100 62840 95
-100 -25736 95
-100 21393 95
-100 79943 95
-100 3363 95
-100 -65376 95
-100 -17955 95
-100 -85210 95
-100 81252 95
-100 -18493 95
-100 -93030 95
-100 -20552 95
-100 73389 95
-100 21085 95
-100 99708 95
-100 11299 95
-100 -21729 95
-100 -22885 95
-100 -95706 95
-100 98034 95
-100 73227 95
-100 -90151 95
-100 -43398 95
-100 -46433 95
-100 -22393 95
-100 -19736 95
-100 -4433 95
-100 68521 95
-100 59110 95
-100 -25892 95
-100 95712 95
-100 -96371 95
-100 62913 95
-100 -46051 95
-100 -94577 95
-100 -48695 95
-100 -14251 95
-100 -87679 95
-100 91549 95
-100 83976 95
-100 -30907 95
-100 -78649 95
-100 -8105 95
-100 -25692 95
-100 -5290 95
-100 -23130 95
-100 -86236 95
-100 78890 95
-100 -46815 95
-100 -76825 95
-100 18909 95
-100 -67942 95
-100 -69039 95
-100 68062 95
-100 -8928 95
-100 -56089 95
-100 58173 95
-100 -5491 95
-100 -42709 95
-100 -37270 95
-100 -93593 95
-100 73231 95
-100 -61958 95
-100 -55169 95
-100 -45433 95
-100 -51347 95
-100 -12424 95
-100 5190 95
-100 -20899 95
-100 9001 95
-100 -52801 95
-100 5363 95
-100 22062 95
-100 3064 95
-100 -24506 95
-100 -56050 95
-100 11870 95
-100 -84171 95
-100 99197 95
-100 71587 95
-100 -26750 95
-100 -55567 95
-100 70095 95
-100 -58800 95
-100 70020 95
-100 -81566 95
-100 23635 95
-100 -96003 95
-100 25706 95
-100 -55719 95
-100 -53806 95
-100 39420 95
-100 68814 95
-100 -76731 95
-100 604 95
-100 71878 95
-100 1588 95
-100 93721 95
-100 53460 95
-100 -65209 95
-100 -4576 95
-100 -73019 95
-100 74722 95
-100 -88920 95
-100 49524 95
-100 73369 95
-100 -92304 95
-100 83705 95
-100 66901 95
-100 81325 95
-100 -27396 95
-100 -9215 95
-100 -30250 95
-100 -31871 95
-100 64130 95
-100 17037 95
-100 86241 95
-100 -54641 95
-100 20571 95
-100 -50115 95
-100 28652 95
-100 -29971 95
-100 -53901 95
-100 7260 95
-100 -16399 95
-100 85741 95
-100 90645 95
-100 -39278 95
-100 -96088 95
-100 -61442 95
-100 44875 95
-100 10610 95
-100 -90212 95
-100 -42719 95
-100 -1478 95
-100 51709 95
-100 90099 95
-100 -86322 95
-100 -44719 95
-100 74979 95
-100 75882 95
-100 -38735 95
-100 15458 95
-100 -33222 95
-100 -59175 95
-100 -70662 95
-100 27537 95
-100 72662 95
-100 19451 95
-100 -89533 95
-100 -60324 95
-100 60324 95
-100 3384 95
-100 63951 95
-100 21163 95
-100 -11290 95
-100 90439 95
-100 -2514 95
-100 27441 95
-100 -42875 95
-100 71108 95
-100 -7346 95
-100 -38238 95
-100 98259 95
-100 4339 95
-100 -18348 95
-100 19781 95
-100 -65310 95
-100 12816 95
-100 96174 95
-100 52958 95
-100 28276 95
-100 -94174 95
-100 -7464 95
-100 91529 95
-100 -43536 95
-100 -41647 95
-100 -24009 95
-100 -15548 95
-100 39875 95
-100 54933 95
-100 -22965 95
-100 -23774 95
-100 62086 95
-100 99342 95
-100 58628 95
-100 75511 95
-100 -64576 95
-100 1059 95
-100 -60451 95
-100 59318 95
-100 -38434 95
-100 -59786 95
-100 48907 95
-100 -67955 95
-100 -684 95
-100 -39005 95
-100 -3487 95
-100 47516 95
-100 39675 95
-100 100152 95
-100 -26674 95
-100 31744 95
-100 -68466 95
-100 -34668 95
-100 -41234 95
-100 16281 95
-100 10089 95
-100 40086 95
-100 -88122 95
-100 3827 95
-100 32147 95
-100 -7619 95
-100 -62229 95
-100 76584 95
-100 31737 95
-100 -24236 95
-100 45359 95
-100 80796 95
-100 30925 95
-100 -28484 95
-100 -67028 95
-100 75237 95
-100 -32662 95
-100 27310 95
-100 29421 95
-100 27884 95
-100 88634 95
-100 -82363 95
-100 -66329 95
-100 73548 95
-100 -51486 95
-100 -16411 95
-100 -67923 95
-100 88659 95
-100 -94082 95
-100 -33669 95
-100 57316 95
-100 37981 95
-100 37214 95
-100 -27484 95
-100 -24281 95
-100 -99197 95
-100 82660 95
-100 -31059 95
-100 58858 95
-100 16549 95
-100 -81279 95
-100 45556 95
-100 56451 95
-100 14565 95
-100 23570 95
-100 -65551 95
-100 50311 95
-100 96623 95
-100 45657 95
-100 59151 95
-100 54651 95
-100 -89060 95
-100 50397 95
-100 98464 95
-100 -88855 95
-100 -78394 95
-100 -4915 95
-100 91795 95
-100 43466 95
-100 -72241 95
-100 30220 95
-100 -16470 95
-100 -12472 95
-100 -32827 95
-100 81591 95
-100 57668 95
-100 -9478 95
-100 7654 95
-100 -80174 95
-100 -68992 95
-100 21199 95
-100 50854 95
-100 -80853 95
-100 -22944 95
-100 -27339 95
-100 -33829 95
-100 63482 95
-100 -8844 95
-100 -28248 95
-100 79144 95
-100 81479 95
-100 58657 95
-100 -62901 95
-100 58934 95
-100 92542 95
-100 94697 95
-100 43744 95
-100 -65656 95
-100 95876 95
-100 100167 95
-100 -62271 95
-100 -32742 95
-100 -31667 95
-100 80455 95
-100 -26164 95
-100 -42386 95
-100 -41678 95
-100 75283 95
-100 -67900 95
-100 83591 95
-100 58131 95
-100 84463 95
-100 65861 95
-100 18101 95
-100 245 95
-100 -56235 95
-100 60025 95
-100 -54917 95
-100 -60213 95
-100 28100 95
-100 -21201 95
-100 63018 95
-100 -35554 95
-100 46362 95
-100 1907 95
-100 41440 95
-100 52060 95
-100 -43371 95
-100 -70477 95
-100 -71962 95
-100 20581 95
-100 -89542 95
-100 -3991 95
-100 -61301 95
-100 -65680 95
-100 -97962 95
-100 -69422 95
-100 -85587 95
-100 -12125 95
-100 -58902 95
-100 52603 95
-100 21115 95
-100 77134 95
-100 -57767 95
-100 -30533 95
-100 -93302 95
-100 34530 95
-100 -62783 95
-100 98586 95
-100 -1868 95
-100 -73299 95
-100 71213 95
-100 17839 95
-100 -2981 95
-100 68569 95
-100 12646 95
-100 84622 95
-100 -39263 95
-100 -31183 95
-100 -78025 95
-100 73424 95
-100 66754 95
-100 -7072 95
-100 -46033 95
-100 63385 95
-100 -44386 95
-100 64415 95
-100 -39474 95
-100 34479 95
-100 -74445 95
-100 81351 95
-100 -54881 95
-100 38546 95
-100 36217 95
-100 -19395 95
-100 49711 95
-100 -9275 95
-100 27468 95
-100 -95648 95
-100 97762 95
-100 74428 95
-100 -320 95
-100 96033 95
-100 30705 95
-100 -34339 95
-100 39945 95
-100 91154 95
-100 -35780 95
-100 -84010 95
-100 -38107 95
-100 -14229 95
-100 59020 95
-100 81068 95
-100 -28070 95
-100 -51605 95
-100 73472 95
-100 69290 95
-100 4299 95
-100 -90574 95
-100 -93831 95
-100 84387 95
-100 19828 95
-100 -16682 95
-100 -58128 95
-100 82609 95
-100 -89264 95
-100 65320 95
-100 -61825 95
-100 -92547 95
-100 6774 95
-100 -40484 95
-100 88984 95
-100 93823 95
-100 -37706 95
-100 68858 95
-100 -36650 95
-100 -79680 95
-100 98423 95
-100 -19811 95
-100 -80307 95
-100 49125 95
-100 -56455 95
-100 -39739 95
-100 -43154 95
-100 13217 95
-100 -75127 95
-100 -2027 95
-100 6953 95
-100 44849 95
-100 -31844 95
-100 -97272 95
-100 -66010 95
-100 44708 95
-100 91725 95
-100 -87682 95
-100 86859 95
-100 38775 95
-100 -67206 95
-100 -71800 95
-100 -89909 95
-100 -37657 95
-100 -56 95
-100 11389 95
-100 -67956 95
-100 53909 95
-100 11333 95
-100 89295 95
-100 -78016 95
-100 84153 95
-100 -75845 95
-100 -33909 95
-100 -88339 95
-100 92560 95
-100 22183 95
-100 45233 95
-100 81256 95
-100 55360 95
-100 71142 95
-100 86417 95
-100 -4628 95
-100 98849 95
-100 -73280 95
-100 -35759 95
-100 -18956 95
-100 76747 95
-100 -14832 95
-100 -80697 95
-100 -73644 95
-100 -63552 95
-100 11794 95
-100 54918 95
-100 84187 95
-100 -3256 95
-100 26378 95
-100 83074 95
-100 -2611 95
-100 26006 95
-100 -29552 95
-100 64755 95
-100 -27498 95
-100 47852 95
-100 -83497 95
-100 -96291 95
-100 85314 95
-100 -50551 95
-100 81634 95
-100 -16554 95
-100 -96765 95
-100 -69703 95
-100 -55186 95
-100 -15104 95
-100 -40314 95
-100 -3432 95
-100 -81545 95
-100 1009 95
-100 -86472 95
-100 -9873 95
-100 -44081 95
-100 -40753 95
-100 25894 95
-100 84031 95
-100 41319 95
-100 83864 95
-100 85923 95
-100 71872 95
-100 11029 95
-100 -16377 95
-100 68504 95
-100 5808 95
-100 84372 95
-100 -19145 95
-100 35538 95
-100 27647 95
-100 71967 95
-100 -53337 95
-100 -24224 95
-100 -28269 95
-100 82227 95
-100 40943 95
-100 -80628 95
-100 90101 95
-100 -75716 95
-100 -38071 95
-100 16742 95
-100 76826 95
-100 -48145 95
-100 -87333 95
-100 -73436 95
-100 -18238 95
-100 88593 95
-100 21733 95
-100 24038 95
-100 -1124 95
-100 76420 95
-100 77143 95
-100 23762 95
-100 -66658 95
-100 36983 95
-100 -58224 95
-100 -35738 95
-100 96830 95
-100 98808 95
-100 -27654 95
-100 -21674 95
-100 29620 95
-100 -93445 95
-100 73257 95
-100 35243 95
-100 41823 95
-100 -11501 95
-100 14606 95
-100 -17547 95
-100 -6634 95
-100 -16544 95
-100 21725 95
-100 80485 95
-100 14521 95
-100 -62151 95
-100 53917 95
-100 -70283 95
-100 -76983 95
-100 30263 95
-100 -94184 95
-100 -75946 95
-100 7556 95
-100 -38639 95
-100 40859 95
-100 -42569 95
-100 33399 95
-100 75221 95
-100 -5262 95
-100 -3975 95
-100 -64207 95
-100 -12724 95
-100 -69402 95
-100 10922 95
-100 10156 95
-100 -90071 95
-100 -50935 95
-100 -60912 95
-100 25483 95
-100 -30670 95
-100 21371 95
-100 97710 95
-100 -51591 95
-100 69001 95
-100 55410 95
-100 21827 95
-100 -82368 95
-100 15128 95
-100 99670 95
-100 63160 95
-100 79646 95
-100 1718 95
-100 28563 95
-100 -64649 95
-100 -74212 95
-100 64693 95
-100 -35428 95
-100 35146 95
-100 -77381 95
-100 -62391 95
-100 45614 95
-100 63190 95
-100 76964 95
-100 -14487 95
-100 -57333 95
-100 20028 95
-100 61966 95
-100 64711 95
-100 77254 95
-100 82970 95
-100 -85620 95
-100 56663 95
-100 47064 95
-100 -73091 95
-100 76965 95
-100 14821 95
-100 -26679 95
-100 48862 95
-100 21779 95
-100 2341 95
-100 68800 95
-100 -98274 95
-100 -49242 95
-100 -71342 95
-100 77699 95
-100 83360 95
-100 8630 95
-100 32555 95
-100 -38100 95
-100 -9451 95
-100 -97240 95
-100 -73008 95
-100 -38535 95
-100 84627 95
-100 -51900 95
-100 18477 95
-100 41469 95
-100 88516 95
-100 1357 95
-100 52610 95
-100 -96186 95
-100 16613 95
-100 81931 95
-100 94309 95
-100 -55179 95
-100 59771 95
-100 20891 95
-100 92898 95
-100 -61344 95
-100 -88245 95
-100 -71396 95
-100 -95439 95
-100 7817 95
-100 28528 95
-100 42904 95
-100 -29668 95
-100 92134 95
-100 -49626 95
-100 -42561 95
-100 37903 95
-100 -89214 95
-100 -10334 95
-100 -79406 95
-100 89718 95
-100 57221 95
-100 71781 95
-100 79647 95
-100 -228 95
-100 -53385 95
-100 53854 95
-100 36045 95
-100 42613 95
-100 98579 95
-100 74682 95
-100 -94524 95
-100 -54921 95
-100 -34863 95
-100 44328 95
-100 -64026 95
-100 56215 95
-100 -18076 95
-100 -33414 95
-100 82484 95
-100 79589 95
-100 24229 95
-100 67017 95
-100 -31760 95
-100 -35947 95
-100 51672 95
-100 77887 95
-100 7400 95
-100 96438 95
-100 -39918 95
-100 42438 95
-100 -5555 95
-100 93218 95
-100 9733 95
-100 63978 95
-100 -2850 95
-100 69810 95
-100 86557 95
-100 -68421 95
-100 19021 95
-100 -31111 95
-100 -67070 95
-100 -64141 95
-100 -45832 95
-100 -74444 95
-100 89767 95
-100 64011 95
-100 -34719 95
-100 -39891 95
-100 48040 95
-100 13224 95
-100 -59886 95
-100 -23951 95
-100 -82635 95
-100 32254 95
-100 31766 95
-100 -9618 95
-100 27833 95
-100 93072 95
-100 25865 95
-100 -42594 95
-100 29258 95
-100 8775 95
-100 -2094 95
-100 -63840 95
-100 -84158 95
-100 -66952 95
-100 -19418 95
-100 93971 95
-100 -59372 95
-100 -14170 95
-100 63681 95
-100 -96907 95
-100 44228 95
-100 -7984 95
-100 -24869 95
-100 -68920 95
-100 -93339 95
-100 -22019 95
-100 9310 95
-100 -48499 95
-100 -81417 95
-100 58972 95
-100 -89464 95
-100 22764 95
-100 -3179 95
-100 33542 95
-100 24879 95
-100 69806 95
-100 -52120 95
-100 28640 95
-100 91341 95
-100 50115 95
-100 -75306 95
-100 15141 95
-100 -81612 95
-100 32426 95
-100 90392 95
-100 -68653 95
-100 -91543 95
-100 -45385 95
-100 90067 95
-100 -20835 95
-100 72296 95
-100 -56222 95
-100 -83560 95
-100 20405 95
-100 -32052 95
-100 97305 95
-100 42541 95
-100 -23163 95
-100 -70141 95
-100 -93176 95
-100 12485 95
-100 -76068 95
-100 -72607 95
-100 -38752 95
-100 17405 95
-100 26660 95
-100 -94109 95
-100 87713 95
-100 -3285 95
-100 91299 95
-100 -947 95
-100 87522 95
-100 68218 95
-100 69970 95
-100 -75588 95
-100 52094 95
-100 6662 95
-100 81907 95
-100 48182 95
-100 -82523 95
-100 83841 95
-100 -33630 95
-100 14567 95
-100 59433 95
-100 -44030 95
-100 -11836 95
-100 -67662 95
-100 37570 95
-100 -48535 95
-100 34353 95
-100 61771 95
-100 -6657 95
-100 30486 95
-100 74699 95
-100 59727 95
-100 69009 95
-100 39098 95
-100 98866 95
-100 -65495 95
-100 58065 95
-100 -23871 95
-100 -41722 95
-100 -62775 95
-100 -22926 95
-100 -21101 95
-100 22074 95
-100 -86833 95
-100 31421 95
-100 -66368 95
-100 50076 95
-100 59787 95
-100 -56511 95
-100 -2236 95
-100 -20451 95
-100 -48723 95
-100 6396 95
-100 29047 95
-100 74190 95
-100 -61168 95
-100 80974 95
-100 55641 95
-100 13840 95
-100 28176 95
-100 -87246 95
-100 -25993 95
-100 -55491 95
-100 36385 95
-100 -22079 95
-100 -79459 95
-100 22839 95
-100 77231 95
-100 20818 95
-100 40383 95
-100 -77037 95
-100 73873 95
-100 -9770 95
-100 -65370 95
-100 70012 95
-100 85597 95
-100 4721 95
-100 -77522 95
-100 -73787 95
-100 -42435 95
-100 19388 95
-100 -42432 95
-100 53266 95
-100 -76707 95
-100 -59306 95
-100 95493 95
-100 31617 95
-100 -70022 95
-100 32734 95
-100 -17320 95
-100 -23553 95
-100 -17703 95
-100 48702 95
-100 -10071 95
-100 11100 95
-100 -15160 95
-100 62829 95
-100 42937 95
-100 91660 95
-100 25873 95
-100 -56586 95
-100 23807 95
-100 -9296 95
-100 61775 95
-100 24480 95
-100 -3415 95
-100 -22159 95
-100 -34657 95
-100 -96262 95
-100 63709 95
-100 14999 95
-100 40982 95
-100 -48184 95
-100 53978 95
-100 72903 95
-100 23187 95
-100 98366 95
-100 -84591 95
-100 90597 95
-100 -33498 95
-100 62757 95
-100 10347 95
-100 30453 95
-100 -7006 95
-100 -46198 95
-100 21139 95
-100 -65571 95
-100 -63622 95
-100 -6071 95
-100 -2748 95
-100 46283 95
-100 92186 95
-100 -14801 95
-100 19307 95
-100 -79314 95
-100 -56048 95
-100 -55982 95
-100 68633 95
-100 -90329 95
-100 31132 95
-100 -18924 95
-100 94962 95
-100 -85764 95
-100 19754 95
-100 75800 95
-100 35710 95
-100 -68720 95
-100 70838 95
-100 26658 95
-100 -26493 95
-100 -6436 95
-100 -57292 95
-100 46910 95
-100 -25491 95
-100 66277 95
-100 93452 95
-100 -23609 95
-100 24132 95
-100 -89236 95
-100 24050 95
-100 1560 95
-100 -6546 95
-100 -40634 95
-100 32463 95
-100 -91092 95
-100 16812 95
-100 40974 95
-100 -17981 95
-100 25648 95
-100 65670 95
-100 -2441 95
-100 -30987 95
-100 -67583 95
-100 96776 95
-100 47409 95
-100 -23071 95
-100 25443 95
-100 94418 95
-100 63003 95
-100 -61038 95
-100 -64285 95
-100 30098 95
-100 -30449 95
-100 -37968 95
-100 -41685 95
-100 -77952 95
-100 -76777 95
-100 -6080 95
-100 -34864 95
-100 -25590 95
-100 -19143 95
-100 44374 95
-100 52694 95
-100 -44603 95
-100 -14476 95
-100 -20323 95
-100 -82092 95
-100 3405 95
-100 -57325 95
-100 -28243 95
-100 66832 95
-100 6243 95
-100 67722 95
-100 -1054 95
-100 91395 95
-100 56272 95
-100 96070 95
-100 -22770 95
-100 -97280 95
-100 -72635 95
-100 54141 95
-100 13664 95
-100 86436 95
-100 -10385 95
-100 33530 95
-100 -67414 95
-100 -52322 95
-100 13041 95
-100 -27504 95
-100 50335 95
-100 46268 95
-100 37690 95
-100 52872 95
-100 24201 95
-100 -14109 95
-100 -61340 95
-100 70501 95
-100 -53168 95
-100 -77265 95
-100 -59519 95
-100 15645 95
-100 92049 95
-100 85542 95
-100 92457 95
-100 2708 95
-100 -6643 95
-100 14560 95
-100 -3302 95
-100 36 95
-100 8951 95
-100 -58114 95
-100 -39299 95
-100 -34492 95
-100 -23152 95
-100 -37662 95
-100 -13592 95
-100 -18340 95
-100 -83311 95
-100 -23975 95
-100 67024 95
-100 4235 95
-100 -28935 95
-100 15007 95
-100 9326 95
-100 -20895 95
-100 -65782 95
-100 -40092 95
-100 56616 95
-100 -25273 95
-100 -11339 95
-100 -74759 95
-100 56400 95
-100 16242 95
-100 82229 95
-100 -80124 95
-100 -1071 95
-100 95035 95
-100 24131 95
-100 -57567 95
-100 -35730 95
-100 25468 95
-100 -11083 95
-100 44713 95
-100 49318 95
-100 41596 95
-100 -80952 95
-100 -15774 95
-100 -86253 95
-100 23660 95
-100 -55681 95
-100 17579 95
-100 98025 95
-100 28140 95
-100 52850 95
-100 -24676 95
-100 -51504 95
-100 60412 95
-100 -9625 95
-100 5958 95
-100 -40161 95
-100 55367 95
-100 75552 95
-100 -24291 95
-100 3881 95
-100 -43316 95
-100 71002 95
-100 54392 95
-100 42923 95
-100 -8041 95
-100 -28740 95
-100 -71619 95
-100 -63177 95
-100 94860 95
-100 13184 95
-100 77961 95
-100 -48296 95
-100 -39854 95
-100 22716 95
-100 73904 95
-100 -43492 95
-100 -41004 95
-100 -36398 95
-100 11353 95
-100 33688 95
-100 70146 95
-100 26252 95
-100 -36552 95
-100 8688 95
-100 -26911 95
-100 -61487 95
-100 -88260 95
-100 -64375 95
-100 -17813 95
-100 95934 95
-100 -53111 95
-100 -89051 95
-100 83528 95
-100 44370 95
-100 51148 95
-100 27971 95
-100 -37284 95
-100 -24851 95
-100 -85017 95
-100 -13447 95
-100 -58303 95
-100 -51795 95
-100 37942 95
-100 -26994 95
-100 -36658 95
-100 61954 95
-100 44441 95
-100 -52428 95
-100 -94583 95
-100 -79859 95
-100 78793 95
-100 85744 95
-100 -66804 95
-100 93514 95
-100 89827 95
-100 13678 95
-100 54181 95
-100 -23063 95
-100 91765 95
-100 56118 95
-100 11728 95
-100 47133 95
-100 -58041 95
-100 -1924 95
-100 -86393 95
-100 -24389 95
-100 34235 95
-100 -90015 95
-100 -92094 95
-100 -31868 95
-100 93190 95
-100 8474 95
-100 98870 95
-100 -9767 95
-100 -54288 95
-100 -45346 95
-100 79434 95
-100 74419 95
-100 76646 95
-100 15526 95
-100 80035 95
-100 -94501 95
-100 -30984 95
-100 38808 95
-100 -81523 95
-100 -18577 95
-100 -69910 95
-100 -44893 95
-100 8793 95
-100 5892 95
-100 -96778 95
-100 11658 95
-100 -47874 95
-100 -98468 95
-100 -10274 95
-100 43753 95
-100 11520 95
-100 -48205 95
-100 21194 95
-100 43637 95
-100 66380 95
-100 69062 95
-100 -61151 95
-100 38639 95
-100 57219 95
-100 -13511 95
-100 -56223 95
-100 69779 95
-100 1921 95
-100 -90011 95
-100 -95733 95
-100 -58933 95
-100 59013 95
-100 23061 95
-100 91316 95
-100 -46773 95
-100 -65957 95
-100 14292 95
-100 99741 95
-100 100645 95
-100 83544 95
-100 7360 95
-100 -12536 95
-100 26938 95
-100 47420 95
-100 70096 95
-100 52674 95
-100 -30281 95
-100 -63308 95
-100 -62363 95
-100 53348 95
-100 -78119 95
-100 -13438 95
-100 -48327 95
-100 -2364 95
-100 -12804 95
-100 92125 95
-100 -77805 95
-100 -42425 95
-100 -23984 95
-100 -14659 95
-100 9517 95
-100 -54651 95
-100 -57315 95
-100 -73939 95
-100 -26947 95
-100 92535 95
-100 -28005 95
-100 -97474 95
-100 83471 95
-100 -24062 95
-100 34022 95
-100 52485 95
-100 57441 95
-100 67627 95
-100 -1125 95
-100 43517 95
-100 27236 95
-100 -65956 95
-100 -88729 95
-100 -41351 95
-100 28218 95
-100 16628 95
-100 -92911 95
-100 50524 95
-100 -95413 95
-100 60795 95
-100 -9080 95
-100 -44200 95
-100 -33639 95
-100 85837 95
-100 -53272 95
-100 -23461 95
-100 -10919 95
-100 11049 95
-100 33754 95
-100 -22212 95
-100 54092 95
-100 -70517 95
-100 56502 95
-100 86183 95
-100 -36484 95
-100 84326 95
-100 42784 95
-100 -56829 95
-100 -8995 95
-100 -225 95
-100 -30023 95
-100 -95477 95
-100 -82157 95
-100 -41236 95
-100 -26438 95
-100 41168 95
-100 53377 95
-100 -59967 95
-100 28245 95
-100 89920 95
-100 47759 95
-100 58995 95
-100 16196 95
-100 67316 95
-100 -91492 95
-100 -81535 95
-100 100633 95
-100 87688 95
-100 -30041 95
-100 -70385 95
-100 79055 95
-100 -55552 95
-100 -34899 95
-100 -10706 95
-100 -57452 95
-100 -8843 95
-100 -85044 95
-100 -23527 95
-100 49554 95
-100 4321 95
-100 -75962 95
-100 90326 95
-100 73417 95
-100 71551 95
-100 95748 95
-100 57601 95
-100 -38214 95
-100 48244 95
-100 22605 95
-100 78672 95
-100 -94995 95
-100 38404 95
-100 -11468 95
-100 82357 95
-100 -6970 95
-100 74476 95
-100 82345 95
-100 48968 95
-100 -97766 95
-100 -42137 95
-100 -91720 95
-100 33654 95
-100 6868 95
-100 -35083 95
-100 -74189 95
-100 -6967 95
-100 9802 95
-100 3440 95
-100 -67758 95
-100 100725 95
-100 -2102 95
-100 47715 95
-100 -94639 95
-100 -81138 95
-100 -67031 95
-100 -3225 95
-100 -32048 95
-100 82191 95
-100 69333 95
-100 -81334 95
-100 17669 95
-100 34876 95
-100 1619 95
-100 34363 95
-100 74372 95
-100 80067 95
-100 23152 95
-100 -24875 95
-100 -97778 95
-100 83845 95
-100 28749 95
-100 70645 95
-100 -86415 95
-100 -54977 95
-100 -41959 95
-100 42993 95
-100 43520 95
-100 55401 95
-100 54967 95
-100 5307 95
-100 -7230 95
-100 -48967 95
-100 87236 95
-100 77807 95
-100 -17049 95
-100 53536 95
-100 1264 95
-100 -98796 95
-100 -91654 95
-100 -67481 95
-100 49418 95
-100 -55331 95
-100 -57180 95
-100 -55729 95
-100 -30330 95
-100 86337 95
-100 -87790 95
-100 92593 95
-100 -34588 95
-100 -17684 95
-100 2308 95
-100 18488 95
-100 -71436 95
-100 -29188 95
-100 50082 95
-100 -25707 95
-100 -7049 95
-100 -6055 95
-100 -1069 95
-100 -84258 95
-100 -85109 95
-100 78387 95
-100 1763 95
-100 -38479 95
-100 -94749 95
-100 -2050 95
-100 78654 95
-100 -33621 95
-100 -97632 95
-100 64869 95
-100 12453 95
-100 -34173 95
-100 22622 95
-100 -58435 95
-100 88322 95
-100 33225 95
-100 56169 95
-100 -54400 95
-100 48672 95
-100 -18346 95
-100 98325 95
-100 77946 95
-100 22449 95
-100 -22202 95
-100 9941 95
-100 67202 95
-100 -37966 95
-100 78903 95
-100 31344 95
-100 51347 95
-100 -5453 95
-100 -41303 95
-100 89085 95
-100 -75455 95
-100 43785 95
-100 46085 95
-100 -32309 95
-100 -59303 95
-100 -17328 95
-100 -55187 95
-100 -92821 95
-100 62189 95
-100 56846 95
-100 60487 95
-100 -75839 95
-100 -52224 95
-100 18256 95
-100 -96040 95
-100 -31932 95
-100 -31786 95
-100 -42867 95
-100 91117 95
-100 88565 95
-100 96658 95
-100 4362 95
-100 -55793 95
-100 -78875 95
-100 87645 95
-100 -42601 95
-100 -92184 95
-100 18461 95
-100 39929 95
-100 -98477 95
-100 -22710 95
-100 77366 95
-100 26576 95
-100 83766 95
-100 -52529 95
-100 3861 95
-100 -93234 95
-100 -78631 95
-100 -15666 95
-100 67666 95
-100 -93758 95
-100 73612 95
-100 -73977 95
-100 -66304 95
-100 -64503 95
-100 -30002 95
-100 57816 95
-100 -31207 95
-100 31804 95
-100 19571 95
-100 -47796 95
-100 12212 95
-100 -48020 95
-100 -43109 95
-100 100200 95
-100 14751 95
-100 38576 95
-100 16644 95
-100 -37493 95
-100 86114 95
-100 10385 95
-100 -53410 95
-100 -97410 95
-100 23568 95
-100 59016 95
-100 94995 95
-100 80124 95
-100 -41809 95
-100 -61579 95
-100 51893 95
-100 98882 95
-100 -19551 95
-100 87996 95
-100 -27811 95
-100 -26327 95
-100 -79999 95
-100 29608 95
-100 -27430 95
-100 46530 95
-100 -53540 95
-100 -71799 95
-100 -12935 95
-100 46821 95
-100 -19686 95
-100 -21247 95
-100 84766 95
-100 17906 95
-100 77392 95
-100 -65430 95
-100 -8956 95
-100 -92937 95
-100 -50248 95
-100 87922 95
-100 -42511 95
-100 29519 95
-100 79034 95
-100 -96678 95
-100 -85799 95
-100 -51199 95
-100 61220 95
-100 91486 95
-100 -71600 95
-100 34978 95
-100 -27039 95
-100 55025 95
-100 59221 95
-100 65447 95
-100 68798 95
-100 40873 95
-100 -94968 95
-100 -57240 95
-100 40103 95
-100 -91173 95
-100 35362 95
-100 47222 95
-100 -82746 95
-100 22107 95
-100 3659 95
-100 -68293 95
-100 23267 95
-100 -34278 95
-100 31050 95
-100 -8313 95
-100 -73269 95
-100 51090 95
-100 69046 95
-100 -69115 95
-100 -830 95
-100 -29195 95
-100 56761 95
-100 38549 95
-100 -63239 95
-100 -60207 95
-100 61073 95
-100 37479 95
-100 -70787 95
-100 16908 95
-100 -83994 95
-100 -86394 95
-100 89607 95
-100 41810 95
-100 49896 95
-100 28039 95
-100 2449 95
-100 -77829 95
-100 84704 95
-100 48536 95
-100 82984 95
-100 -64097 95
-100 32224 95
-100 24319 95
-100 48951 95
-100 48224 95
-100 -32649 95
-100 82452 95
-100 13715 95
-100 -50802 95
-100 30301 95
-100 -75259 95
-100 -73967 95
-100 78779 95
-100 -37007 95
-100 59535 95
-100 -9506 95
-100 5032 95
-100 -10422 95
-100 58969 95
-100 -27164 95
-100 -54542 95
-100 -89812 95
-100 53358 95
-100 -76853 95
-100 -44109 95
-100 5693 95
-100 30033 95
-100 98178 95
-100 12036 95
-100 -52785 95
-100 34606 95
-100 -8669 95
-100 3902 95
-100 9765 95
-100 22027 95
-100 -90444 95
-100 -691 95
-100 -86560 95
-100 -56106 95
-100 -600 95
-100 95284 95
-100 44351 95
-100 -15006 95
-100 99938 95
-100 -79121 95
-100 -78635 95
-100 74356 95
-100 79009 95
-100 -31119 95
-100 88450 95
-100 -45044 95
-100 -21774 95
-100 38870 95
-100 -55465 95
-100 -95043 95
-100 66881 95
-100 -67032 95
-100 8371 95
-100 -84700 95
-100 -18784 95
-100 69363 95
-100 59502 95
-100 -82430 95
-100 20308 95
-100 95637 95
-100 64705 95
-100 -85644 95
-100 93595 95
-100 82549 95
-100 34336 95
-100 -92690 95
-100 98832 95
-100 93825 95
-100 93047 95
-100 -13927 95
-100 -7385 95
-100 15697 95
-100 -85522 95
-100 13061 95
-100 -78449 95
-100 -37481 95
-100 -97606 95
-100 -9449 95
-100 -58109 95
-100 -83965 95
-100 -93616 95
-100 36083 95
-100 30191 95
-100 -24056 95
-100 -78087 95
-100 30837 95
-100 -16883 95
-100 -73386 95
-100 -5559 95
-100 -27808 95
-100 82368 95
-100 -27994 95
-100 -72081 95
-100 -32655 95
-100 -1323 95
-100 4417 95
-100 -53678 95
-100 49692 95
-100 89595 95
-100 8347 95
-100 43689 95
-100 -26072 95
-100 86633 95
-100 71329 95
-100 -85932 95
-100 -81225 95
-100 -97495 95
-100 43294 95
-100 -30818 95
-100 -58105 95
-100 -76176 95
-100 -53087 95
-100 -41449 95
-100 -46684 95
-100 -82771 95
-100 -50846 95
-100 80314 95
-100 -7460 95
-100 -70149 95
-100 -30039 95
-100 -77623 95
-100 -14940 95
-100 -56122 95
-100 41636 95
-100 5531 95
-100 -53947 95
-100 75446 95
-100 43834 95
-100 7625 95
-100 30678 95
-100 65232 95
-100 15611 95
-100 -71826 95
-100 43395 95
-100 -36509 95
-100 63605 95
-100 -44972 95
-100 70476 95
-100 47262 95
-100 -12182 95
-100 -86251 95
-100 -71369 95
-100 10754 95
-100 -89259 95
-100 24602 95
-100 -6963 95
-100 -52100 95
-100 -96785 95
-100 -95065 95
-100 20421 95
-100 -46142 95
-100 39795 95
-100 -61855 95
-100 -42295 95
-100 24809 95
-100 -42674 95
-100 52839 95
-100 55053 95
-100 -18392 95
-100 -21104 95
-100 -25798 95
-100 24629 95
-100 59704 95
-100 89643 95
-100 73336 95
-100 -69364 95
-100 62227 95
-100 -95180 95
-100 -58954 95
-100 6643 95
-100 -20280 95
-100 -63745 95
-100 58125 95
-100 -87172 95
-100 -18094 95
-100 -95082 95
-100 9513 95
-100 25095 95
-100 -17283 95
-100 -50429 95
-100 80756 95
-100 64859 95
-100 60472 95
-100 64981 95
-100 -92178 95
-100 97012 95
-100 -81679 95
-100 -13301 95
-100 59878 95
-100 53232 95
-100 -16769 95
-100 100295 95
-100 90639 95
-100 -17269 95
-100 34192 95
-100 -41379 95
-100 -53146 95
-100 26547 95
-100 99593 95
-100 -32526 95
-100 -58904 95
-100 35503 95
-100 -46824 95
-100 -66219 95
-100 76403 95
-100 69473 95
-100 -3138 95
-100 -34931 95
-100 -38927 95
-100 18817 95
-100 89081 95
-100 96644 95
-100 68588 95
-100 88194 95
-100 19703 95
-100 10864 95
-100 -78268 95
-100 13455 95
-100 -66114 95
-100 -69124 95
-100 -85361 95
-100 54247 95
-100 83940 95
-100 85400 95
-100 85817 95
-100 -1916 95
-100 -98786 95
-100 91095 95
-100 22659 95
-100 -11740 95
-100 47018 95
-100 2064 95
-100 -71875 95
-100 -69176 95
-100 -47632 95
-100 36102 95
-100 92123 95
-100 -95115 95
-100 6361 95
-100 -3275 95
