436
131072 131072 524288
65536 65536 16384
32768 524288 131072
16384 524288 524288
16384 65536 524288
8192 8192 262144
131072 131072 131072
4096 4096 524288
32768 16384 131072
65536 262144 8192
16384 131072 65536
4096 262144 262144
32768 16384 262144
8192 4096 16384
8192 8192 8192
4096 8192 8192
4096 524288 262144
8192 8192 32768
32768 32768 16384
16384 65536 16384
32768 131072 8192
8192 524288 32768
262144 4096 262144
8192 262144 131072
16384 8192 32768
16384 65536 32768
32768 16384 65536
131072 32768 131072
131072 65536 8192
524288 65536 4096
65536 32768 32768
262144 16384 131072
16384 65536 65536
65536 8192 4096
131072 262144 32768
8192 131072 65536
32768 65536 4096
262144 32768 262144
32768 262144 4096
524288 65536 524288
32768 65536 32768
65536 524288 4096
8192 524288 262144
16384 8192 16384
524288 262144 65536
4096 262144 524288
524288 131072 8192
8192 16384 32768
131072 16384 16384
8192 65536 131072
4096 16384 65536
65536 262144 131072
8192 65536 4096
65536 4096 524288
131072 524288 32768
262144 524288 16384
16384 131072 32768
4096 262144 8192
32768 8192 524288
262144 8192 16384
65536 65536 131072
262144 131072 65536
4096 65536 32768
262144 65536 32768
524288 131072 131072
262144 131072 16384
4096 4096 32768
8192 4096 524288
524288 16384 8192
16384 4096 131072
4096 131072 65536
32768 4096 65536
65536 262144 4096
4096 16384 262144
8192 32768 131072
16384 4096 8192
131072 262144 524288
524288 524288 262144
8192 16384 16384
8192 262144 16384
4096 65536 65536
4096 131072 524288
262144 524288 524288
8192 8192 524288
4096 65536 131072
32768 262144 16384
4096 32768 16384
4096 8192 524288
4096 4096 262144
16384 262144 131072
65536 8192 65536
262144 131072 8192
32768 262144 65536
16384 262144 8192
131072 262144 262144
4096 16384 16384
262144 8192 65536
131072 65536 131072
4096 8192 16384
524288 65536 16384
524288 4096 16384
131072 524288 65536
8192 131072 4096
65536 131072 262144
524288 8192 16384
32768 131072 262144
524288 131072 262144
262144 65536 262144
16384 524288 65536
65536 131072 8192
262144 524288 262144
262144 65536 8192
8192 131072 8192
32768 4096 524288
16384 16384 65536
262144 4096 65536
65536 65536 4096
131072 262144 4096
16384 16384 8192
8192 524288 524288
131072 524288 8192
262144 4096 131072
65536 32768 16384
16384 65536 131072
8192 8192 131072
4096 131072 16384
65536 262144 32768
4096 32768 4096
16384 4096 16384
16384 32768 8192
524288 16384 16384
131072 16384 4096
65536 8192 262144
8192 65536 262144
4096 262144 65536
131072 4096 262144
262144 32768 32768
524288 8192 4096
16384 262144 65536
131072 32768 65536
262144 262144 262144
262144 4096 4096
16384 32768 32768
65536 32768 65536
524288 65536 32768
524288 524288 65536
4096 8192 32768
65536 65536 262144
32768 4096 262144
65536 524288 8192
131072 32768 262144
8192 32768 262144
262144 524288 32768
262144 16384 262144
16384 262144 262144
4096 4096 4096
8192 16384 262144
16384 32768 262144
8192 262144 4096
16384 8192 524288
16384 32768 131072
32768 65536 524288
32768 65536 131072
32768 16384 16384
524288 4096 65536
65536 16384 65536
524288 524288 32768
32768 32768 8192
8192 524288 4096
4096 65536 16384
131072 524288 16384
65536 524288 262144
4096 131072 8192
16384 65536 4096
262144 8192 32768
8192 131072 16384
262144 131072 524288
8192 4096 8192
262144 8192 8192
262144 65536 131072
131072 262144 8192
524288 32768 4096
32768 4096 32768
4096 524288 65536
16384 262144 524288
32768 524288 8192
262144 262144 8192
131072 32768 8192
4096 32768 8192
131072 524288 4096
32768 131072 4096
524288 4096 32768
524288 262144 524288
4096 4096 65536
131072 524288 262144
524288 8192 262144
131072 8192 8192
524288 32768 262144
262144 16384 16384
65536 8192 524288
131072 131072 262144
8192 524288 8192
524288 32768 65536
4096 65536 524288
32768 8192 131072
32768 524288 16384
131072 65536 16384
131072 131072 8192
131072 65536 65536
32768 65536 16384
262144 131072 4096
4096 262144 32768
32768 32768 131072
524288 4096 131072
32768 4096 131072
32768 131072 16384
131072 131072 32768
8192 262144 262144
262144 65536 524288
524288 16384 131072
16384 524288 16384
65536 4096 65536
8192 65536 32768
131072 524288 524288
524288 524288 4096
4096 16384 32768
262144 32768 131072
16384 524288 32768
131072 131072 65536
32768 524288 262144
262144 32768 524288
8192 16384 524288
524288 524288 16384
16384 262144 4096
16384 65536 262144
16384 131072 8192
65536 32768 131072
262144 4096 8192
32768 32768 524288
65536 4096 131072
524288 32768 8192
262144 16384 524288
131072 131072 16384
16384 8192 8192
65536 8192 131072
32768 131072 65536
65536 16384 16384
32768 32768 262144
131072 4096 8192
32768 32768 4096
262144 16384 32768
524288 262144 8192
32768 16384 524288
65536 16384 262144
32768 131072 524288
16384 131072 524288
262144 262144 16384
4096 4096 131072
131072 8192 65536
32768 524288 65536
16384 32768 524288
4096 65536 8192
262144 262144 524288
4096 16384 4096
262144 262144 32768
131072 32768 32768
32768 16384 4096
131072 32768 4096
4096 131072 131072
16384 262144 32768
16384 262144 16384
16384 524288 8192
524288 524288 131072
524288 262144 131072
16384 131072 262144
65536 65536 524288
131072 16384 131072
8192 131072 131072
65536 4096 16384
8192 32768 65536
262144 131072 262144
262144 524288 8192
32768 262144 8192
32768 65536 65536
65536 131072 131072
262144 32768 4096
65536 131072 524288
262144 262144 65536
32768 16384 32768
262144 32768 65536
4096 8192 4096
8192 4096 32768
16384 8192 131072
524288 524288 524288
4096 131072 262144
262144 262144 4096
16384 131072 131072
16384 16384 16384
4096 262144 131072
8192 4096 131072
8192 16384 8192
8192 16384 4096
8192 32768 32768
8192 262144 65536
8192 4096 4096
262144 16384 4096
524288 262144 16384
131072 8192 4096
16384 65536 8192
4096 16384 131072
65536 32768 4096
524288 16384 262144
4096 65536 262144
32768 8192 4096
8192 8192 65536
4096 131072 32768
524288 8192 32768
32768 65536 8192
16384 4096 65536
524288 4096 262144
65536 4096 4096
16384 32768 65536
4096 32768 262144
524288 131072 32768
65536 524288 16384
262144 524288 65536
262144 131072 32768
524288 65536 65536
524288 4096 8192
32768 32768 65536
65536 524288 524288
32768 8192 32768
131072 262144 16384
65536 4096 8192
4096 16384 524288
16384 4096 32768
16384 524288 4096
131072 65536 32768
4096 262144 16384
262144 32768 8192
8192 524288 16384
65536 4096 262144
262144 65536 65536
524288 65536 8192
4096 65536 4096
65536 262144 65536
131072 65536 262144
65536 524288 32768
524288 16384 32768
8192 4096 65536
131072 4096 131072
16384 4096 524288
16384 524288 131072
524288 8192 8192
65536 131072 32768
524288 524288 8192
4096 32768 65536
65536 131072 65536
65536 8192 8192
16384 8192 65536
262144 8192 262144
8192 131072 32768
4096 32768 524288
4096 262144 4096
32768 4096 16384
524288 262144 32768
32768 16384 8192
524288 131072 524288
524288 65536 262144
131072 16384 262144
524288 4096 524288
131072 4096 32768
4096 4096 16384
524288 262144 4096
65536 65536 32768
524288 65536 131072
131072 131072 4096
8192 16384 131072
8192 65536 524288
4096 524288 131072
65536 524288 131072
16384 4096 4096
131072 32768 524288
16384 524288 262144
8192 131072 262144
262144 8192 4096
131072 8192 32768
524288 32768 524288
262144 262144 131072
8192 8192 4096
262144 4096 524288
524288 32768 131072
8192 32768 8192
65536 16384 32768
131072 8192 16384
65536 4096 32768
8192 131072 524288
4096 32768 131072
524288 4096 4096
32768 32768 32768
65536 16384 8192
32768 8192 8192
262144 524288 131072
4096 524288 32768
32768 131072 131072
8192 262144 524288
131072 16384 524288
4096 524288 4096
4096 524288 8192
16384 32768 4096
131072 262144 65536
262144 4096 16384
8192 32768 524288
8192 8192 16384
131072 8192 131072
32768 524288 4096
16384 16384 131072
16384 4096 262144
32768 131072 32768
8192 32768 4096
524288 8192 65536
16384 16384 32768
8192 65536 65536
32768 524288 524288
8192 4096 262144
32768 8192 65536
524288 8192 131072
131072 65536 524288
131072 16384 32768
8192 524288 131072
4096 8192 65536
262144 16384 8192
4096 8192 262144
131072 65536 4096
16384 131072 16384
524288 262144 262144
